frame_id	rectstat (12 bits, the left top rectangle is the lowest bit)
0	0	1
0	1	1
0	2	1
0	3	1
0	4	1
0	5	1
0	6	1
0	7	0
0	8	0
0	9	0
0	10	1
0	11	0
2	0	1
2	1	0
2	2	1
2	3	1
2	4	0
2	5	1
2	6	1
2	7	0
2	8	0
2	9	0
2	10	0
2	11	0
4	0	1
4	1	0
4	2	1
4	3	1
4	4	1
4	5	1
4	6	1
4	7	0
4	8	1
4	9	0
4	10	1
4	11	1
6	0	1
6	1	0
6	2	1
6	3	1
6	4	1
6	5	1
6	6	1
6	7	0
6	8	1
6	9	0
6	10	1
6	11	1
8	0	1
8	1	0
8	2	0
8	3	1
8	4	0
8	5	1
8	6	1
8	7	0
8	8	1
8	9	0
8	10	1
8	11	0
10	0	1
10	1	0
10	2	1
10	3	1
10	4	1
10	5	1
10	6	1
10	7	1
10	8	1
10	9	0
10	10	1
10	11	1
12	0	0
12	1	0
12	2	1
12	3	1
12	4	1
12	5	0
12	6	1
12	7	1
12	8	1
12	9	0
12	10	1
12	11	1
14	0	0
14	1	0
14	2	1
14	3	1
14	4	1
14	5	1
14	6	1
14	7	0
14	8	1
14	9	0
14	10	1
14	11	1
16	0	0
16	1	1
16	2	1
16	3	1
16	4	1
16	5	1
16	6	1
16	7	0
16	8	0
16	9	0
16	10	1
16	11	1
18	0	0
18	1	0
18	2	1
18	3	1
18	4	1
18	5	1
18	6	1
18	7	0
18	8	0
18	9	0
18	10	1
18	11	0
20	0	0
20	1	0
20	2	1
20	3	1
20	4	1
20	5	1
20	6	1
20	7	0
20	8	0
20	9	0
20	10	1
20	11	1
22	0	1
22	1	1
22	2	1
22	3	1
22	4	1
22	5	1
22	6	1
22	7	0
22	8	0
22	9	0
22	10	1
22	11	1
24	0	1
24	1	1
24	2	1
24	3	1
24	4	1
24	5	1
24	6	1
24	7	0
24	8	0
24	9	0
24	10	1
24	11	0
26	0	1
26	1	1
26	2	1
26	3	1
26	4	1
26	5	1
26	6	1
26	7	1
26	8	0
26	9	0
26	10	1
26	11	0
28	0	1
28	1	1
28	2	1
28	3	1
28	4	1
28	5	1
28	6	1
28	7	1
28	8	0
28	9	0
28	10	1
28	11	0
30	0	1
30	1	1
30	2	1
30	3	1
30	4	1
30	5	1
30	6	1
30	7	1
30	8	0
30	9	0
30	10	1
30	11	0
32	0	1
32	1	1
32	2	1
32	3	0
32	4	1
32	5	1
32	6	1
32	7	0
32	8	0
32	9	0
32	10	1
32	11	0
34	0	1
34	1	1
34	2	1
34	3	0
34	4	1
34	5	1
34	6	1
34	7	0
34	8	0
34	9	0
34	10	1
34	11	0
36	0	1
36	1	1
36	2	1
36	3	0
36	4	1
36	5	1
36	6	1
36	7	0
36	8	0
36	9	0
36	10	1
36	11	0
38	0	1
38	1	1
38	2	1
38	3	0
38	4	1
38	5	1
38	6	1
38	7	0
38	8	0
38	9	0
38	10	1
38	11	0
40	0	1
40	1	1
40	2	1
40	3	0
40	4	1
40	5	1
40	6	1
40	7	1
40	8	0
40	9	0
40	10	0
40	11	0
42	0	1
42	1	1
42	2	1
42	3	0
42	4	1
42	5	1
42	6	1
42	7	0
42	8	0
42	9	0
42	10	1
42	11	0
44	0	0
44	1	1
44	2	1
44	3	0
44	4	1
44	5	1
44	6	1
44	7	0
44	8	0
44	9	0
44	10	1
44	11	0
46	0	0
46	1	1
46	2	1
46	3	0
46	4	1
46	5	1
46	6	1
46	7	0
46	8	0
46	9	0
46	10	1
46	11	0
48	0	0
48	1	1
48	2	1
48	3	0
48	4	1
48	5	1
48	6	1
48	7	0
48	8	0
48	9	0
48	10	1
48	11	0
50	0	0
50	1	0
50	2	1
50	3	0
50	4	1
50	5	1
50	6	1
50	7	0
50	8	0
50	9	0
50	10	0
50	11	0
52	0	0
52	1	0
52	2	1
52	3	1
52	4	1
52	5	1
52	6	1
52	7	0
52	8	0
52	9	0
52	10	0
52	11	0
54	0	0
54	1	0
54	2	1
54	3	1
54	4	1
54	5	1
54	6	1
54	7	0
54	8	0
54	9	0
54	10	0
54	11	0
56	0	0
56	1	0
56	2	0
56	3	1
56	4	1
56	5	1
56	6	1
56	7	0
56	8	0
56	9	0
56	10	0
56	11	0
58	0	0
58	1	0
58	2	0
58	3	1
58	4	1
58	5	1
58	6	1
58	7	0
58	8	0
58	9	0
58	10	0
58	11	0
60	0	0
60	1	0
60	2	0
60	3	1
60	4	1
60	5	1
60	6	1
60	7	0
60	8	0
60	9	0
60	10	0
60	11	0
62	0	0
62	1	1
62	2	0
62	3	1
62	4	1
62	5	1
62	6	1
62	7	0
62	8	0
62	9	0
62	10	0
62	11	0
64	0	0
64	1	1
64	2	1
64	3	1
64	4	1
64	5	1
64	6	1
64	7	0
64	8	0
64	9	0
64	10	0
64	11	0
66	0	0
66	1	1
66	2	1
66	3	1
66	4	1
66	5	1
66	6	1
66	7	0
66	8	0
66	9	0
66	10	0
66	11	0
68	0	0
68	1	1
68	2	1
68	3	1
68	4	1
68	5	1
68	6	1
68	7	0
68	8	0
68	9	0
68	10	0
68	11	0
70	0	0
70	1	1
70	2	1
70	3	1
70	4	1
70	5	0
70	6	1
70	7	0
70	8	0
70	9	0
70	10	0
70	11	0
72	0	0
72	1	1
72	2	1
72	3	1
72	4	1
72	5	0
72	6	1
72	7	0
72	8	0
72	9	0
72	10	0
72	11	0
74	0	0
74	1	0
74	2	1
74	3	1
74	4	1
74	5	0
74	6	1
74	7	0
74	8	0
74	9	0
74	10	0
74	11	0
76	0	0
76	1	1
76	2	1
76	3	1
76	4	1
76	5	0
76	6	0
76	7	0
76	8	0
76	9	0
76	10	0
76	11	0
78	0	0
78	1	1
78	2	1
78	3	1
78	4	1
78	5	0
78	6	0
78	7	0
78	8	0
78	9	0
78	10	0
78	11	0
80	0	0
80	1	1
80	2	1
80	3	1
80	4	1
80	5	0
80	6	0
80	7	0
80	8	0
80	9	0
80	10	0
80	11	0
82	0	0
82	1	1
82	2	1
82	3	1
82	4	1
82	5	0
82	6	0
82	7	0
82	8	0
82	9	0
82	10	0
82	11	0
84	0	0
84	1	1
84	2	1
84	3	1
84	4	1
84	5	0
84	6	0
84	7	0
84	8	0
84	9	0
84	10	0
84	11	0
86	0	0
86	1	1
86	2	1
86	3	1
86	4	1
86	5	0
86	6	1
86	7	0
86	8	0
86	9	0
86	10	0
86	11	0
88	0	0
88	1	1
88	2	1
88	3	1
88	4	1
88	5	0
88	6	1
88	7	0
88	8	0
88	9	0
88	10	0
88	11	0
90	0	0
90	1	1
90	2	1
90	3	1
90	4	1
90	5	0
90	6	1
90	7	0
90	8	0
90	9	0
90	10	1
90	11	0
92	0	0
92	1	1
92	2	1
92	3	1
92	4	1
92	5	0
92	6	1
92	7	0
92	8	0
92	9	0
92	10	1
92	11	0
94	0	0
94	1	1
94	2	1
94	3	1
94	4	1
94	5	0
94	6	1
94	7	0
94	8	0
94	9	0
94	10	1
94	11	0
96	0	0
96	1	1
96	2	1
96	3	1
96	4	1
96	5	0
96	6	1
96	7	0
96	8	0
96	9	0
96	10	1
96	11	0
98	0	0
98	1	1
98	2	1
98	3	1
98	4	1
98	5	0
98	6	1
98	7	0
98	8	0
98	9	0
98	10	1
98	11	0
100	0	0
100	1	0
100	2	1
100	3	1
100	4	1
100	5	0
100	6	1
100	7	0
100	8	0
100	9	0
100	10	1
100	11	0
102	0	0
102	1	0
102	2	1
102	3	1
102	4	1
102	5	0
102	6	1
102	7	0
102	8	1
102	9	0
102	10	1
102	11	0
104	0	0
104	1	1
104	2	1
104	3	1
104	4	1
104	5	0
104	6	1
104	7	0
104	8	1
104	9	0
104	10	1
104	11	0
106	0	0
106	1	1
106	2	1
106	3	1
106	4	1
106	5	0
106	6	1
106	7	0
106	8	1
106	9	0
106	10	1
106	11	0
108	0	0
108	1	0
108	2	1
108	3	1
108	4	1
108	5	0
108	6	1
108	7	0
108	8	1
108	9	0
108	10	1
108	11	0
110	0	0
110	1	0
110	2	1
110	3	1
110	4	1
110	5	0
110	6	1
110	7	0
110	8	1
110	9	0
110	10	1
110	11	0
112	0	0
112	1	0
112	2	1
112	3	1
112	4	1
112	5	0
112	6	1
112	7	0
112	8	1
112	9	0
112	10	1
112	11	0
114	0	0
114	1	0
114	2	1
114	3	1
114	4	1
114	5	1
114	6	1
114	7	0
114	8	1
114	9	0
114	10	1
114	11	0
116	0	0
116	1	0
116	2	1
116	3	1
116	4	1
116	5	1
116	6	1
116	7	0
116	8	1
116	9	0
116	10	1
116	11	0
118	0	0
118	1	0
118	2	1
118	3	0
118	4	1
118	5	1
118	6	1
118	7	0
118	8	1
118	9	0
118	10	1
118	11	0
120	0	0
120	1	0
120	2	1
120	3	0
120	4	1
120	5	1
120	6	1
120	7	0
120	8	1
120	9	0
120	10	1
120	11	0
122	0	0
122	1	0
122	2	1
122	3	0
122	4	1
122	5	1
122	6	1
122	7	0
122	8	1
122	9	0
122	10	1
122	11	0
124	0	0
124	1	0
124	2	1
124	3	0
124	4	1
124	5	1
124	6	1
124	7	0
124	8	1
124	9	0
124	10	1
124	11	0
126	0	0
126	1	0
126	2	1
126	3	0
126	4	1
126	5	1
126	6	1
126	7	0
126	8	1
126	9	0
126	10	1
126	11	0
128	0	0
128	1	0
128	2	1
128	3	0
128	4	1
128	5	1
128	6	1
128	7	0
128	8	1
128	9	0
128	10	1
128	11	0
130	0	0
130	1	0
130	2	1
130	3	0
130	4	1
130	5	1
130	6	1
130	7	0
130	8	1
130	9	0
130	10	1
130	11	0
132	0	1
132	1	0
132	2	1
132	3	0
132	4	1
132	5	1
132	6	1
132	7	0
132	8	1
132	9	1
132	10	1
132	11	0
134	0	1
134	1	1
134	2	1
134	3	0
134	4	1
134	5	1
134	6	1
134	7	0
134	8	1
134	9	1
134	10	1
134	11	0
136	0	0
136	1	1
136	2	1
136	3	0
136	4	1
136	5	1
136	6	1
136	7	0
136	8	1
136	9	1
136	10	1
136	11	0
138	0	0
138	1	1
138	2	1
138	3	0
138	4	1
138	5	1
138	6	1
138	7	0
138	8	1
138	9	1
138	10	1
138	11	0
140	0	0
140	1	1
140	2	1
140	3	1
140	4	1
140	5	1
140	6	1
140	7	0
140	8	1
140	9	1
140	10	1
140	11	0
142	0	0
142	1	1
142	2	1
142	3	1
142	4	1
142	5	1
142	6	1
142	7	0
142	8	1
142	9	1
142	10	1
142	11	0
144	0	0
144	1	1
144	2	1
144	3	1
144	4	1
144	5	1
144	6	1
144	7	0
144	8	1
144	9	1
144	10	1
144	11	0
146	0	0
146	1	1
146	2	1
146	3	1
146	4	1
146	5	1
146	6	1
146	7	1
146	8	1
146	9	1
146	10	1
146	11	0
148	0	0
148	1	1
148	2	1
148	3	1
148	4	1
148	5	1
148	6	1
148	7	1
148	8	1
148	9	1
148	10	1
148	11	0
150	0	0
150	1	0
150	2	1
150	3	0
150	4	1
150	5	1
150	6	1
150	7	1
150	8	1
150	9	1
150	10	1
150	11	0
152	0	0
152	1	0
152	2	1
152	3	0
152	4	1
152	5	1
152	6	1
152	7	1
152	8	1
152	9	1
152	10	1
152	11	0
154	0	0
154	1	0
154	2	1
154	3	0
154	4	1
154	5	0
154	6	1
154	7	1
154	8	1
154	9	1
154	10	1
154	11	0
156	0	0
156	1	0
156	2	1
156	3	0
156	4	1
156	5	0
156	6	1
156	7	1
156	8	1
156	9	1
156	10	1
156	11	0
158	0	0
158	1	0
158	2	1
158	3	0
158	4	1
158	5	0
158	6	1
158	7	1
158	8	1
158	9	1
158	10	1
158	11	0
160	0	0
160	1	0
160	2	1
160	3	0
160	4	1
160	5	0
160	6	1
160	7	1
160	8	1
160	9	1
160	10	1
160	11	0
162	0	0
162	1	0
162	2	1
162	3	0
162	4	0
162	5	0
162	6	1
162	7	0
162	8	1
162	9	1
162	10	0
162	11	0
164	0	0
164	1	1
164	2	1
164	3	1
164	4	1
164	5	1
164	6	1
164	7	1
164	8	1
164	9	1
164	10	1
164	11	0
166	0	0
166	1	1
166	2	1
166	3	1
166	4	1
166	5	1
166	6	1
166	7	1
166	8	1
166	9	1
166	10	1
166	11	0
168	0	0
168	1	1
168	2	1
168	3	1
168	4	1
168	5	1
168	6	1
168	7	1
168	8	1
168	9	1
168	10	1
168	11	0
170	0	0
170	1	1
170	2	1
170	3	1
170	4	1
170	5	0
170	6	1
170	7	1
170	8	1
170	9	1
170	10	1
170	11	0
172	0	0
172	1	1
172	2	1
172	3	1
172	4	1
172	5	0
172	6	1
172	7	1
172	8	1
172	9	1
172	10	1
172	11	0
174	0	1
174	1	1
174	2	1
174	3	1
174	4	1
174	5	1
174	6	1
174	7	1
174	8	1
174	9	1
174	10	1
174	11	0
176	0	1
176	1	1
176	2	1
176	3	1
176	4	1
176	5	1
176	6	1
176	7	1
176	8	1
176	9	1
176	10	1
176	11	0
178	0	1
178	1	1
178	2	1
178	3	1
178	4	1
178	5	1
178	6	1
178	7	1
178	8	1
178	9	1
178	10	0
178	11	0
180	0	1
180	1	1
180	2	1
180	3	1
180	4	1
180	5	1
180	6	1
180	7	1
180	8	1
180	9	1
180	10	0
180	11	1
182	0	0
182	1	1
182	2	1
182	3	1
182	4	1
182	5	1
182	6	1
182	7	1
182	8	1
182	9	1
182	10	1
182	11	1
184	0	1
184	1	1
184	2	1
184	3	1
184	4	1
184	5	1
184	6	1
184	7	1
184	8	1
184	9	1
184	10	1
184	11	1
186	0	1
186	1	1
186	2	1
186	3	1
186	4	1
186	5	1
186	6	1
186	7	1
186	8	1
186	9	1
186	10	1
186	11	1
188	0	1
188	1	1
188	2	1
188	3	1
188	4	1
188	5	1
188	6	1
188	7	1
188	8	1
188	9	1
188	10	1
188	11	1
190	0	0
190	1	1
190	2	1
190	3	1
190	4	1
190	5	1
190	6	1
190	7	1
190	8	1
190	9	1
190	10	1
190	11	0
192	0	1
192	1	1
192	2	1
192	3	1
192	4	1
192	5	1
192	6	1
192	7	1
192	8	1
192	9	0
192	10	1
192	11	0
194	0	0
194	1	1
194	2	1
194	3	1
194	4	1
194	5	1
194	6	1
194	7	1
194	8	1
194	9	1
194	10	1
194	11	0
196	0	0
196	1	0
196	2	1
196	3	1
196	4	1
196	5	1
196	6	1
196	7	1
196	8	1
196	9	1
196	10	0
196	11	0
198	0	0
198	1	0
198	2	1
198	3	0
198	4	1
198	5	1
198	6	1
198	7	1
198	8	1
198	9	0
198	10	1
198	11	0
200	0	0
200	1	0
200	2	1
200	3	0
200	4	1
200	5	1
200	6	1
200	7	1
200	8	1
200	9	0
200	10	0
200	11	1
202	0	0
202	1	0
202	2	1
202	3	0
202	4	1
202	5	1
202	6	1
202	7	1
202	8	1
202	9	0
202	10	0
202	11	1
204	0	0
204	1	0
204	2	1
204	3	0
204	4	0
204	5	1
204	6	1
204	7	0
204	8	0
204	9	0
204	10	0
204	11	0
206	0	0
206	1	0
206	2	1
206	3	1
206	4	1
206	5	1
206	6	1
206	7	1
206	8	1
206	9	0
206	10	1
206	11	1
208	0	0
208	1	1
208	2	1
208	3	1
208	4	1
208	5	1
208	6	1
208	7	1
208	8	1
208	9	0
208	10	1
208	11	0
210	0	0
210	1	0
210	2	1
210	3	1
210	4	0
210	5	1
210	6	1
210	7	1
210	8	1
210	9	0
210	10	0
210	11	0
212	0	0
212	1	0
212	2	1
212	3	1
212	4	1
212	5	1
212	6	1
212	7	1
212	8	1
212	9	0
212	10	1
212	11	0
214	0	0
214	1	0
214	2	1
214	3	1
214	4	1
214	5	1
214	6	1
214	7	1
214	8	0
214	9	1
214	10	1
214	11	0
216	0	0
216	1	0
216	2	1
216	3	1
216	4	1
216	5	1
216	6	1
216	7	1
216	8	0
216	9	0
216	10	0
216	11	0
218	0	0
218	1	0
218	2	1
218	3	1
218	4	1
218	5	1
218	6	1
218	7	1
218	8	0
218	9	0
218	10	1
218	11	0
220	0	0
220	1	1
220	2	1
220	3	1
220	4	1
220	5	1
220	6	1
220	7	1
220	8	0
220	9	0
220	10	1
220	11	0
222	0	0
222	1	0
222	2	1
222	3	1
222	4	0
222	5	1
222	6	1
222	7	0
222	8	0
222	9	0
222	10	0
222	11	0
224	0	0
224	1	1
224	2	1
224	3	1
224	4	1
224	5	1
224	6	1
224	7	1
224	8	0
224	9	0
224	10	1
224	11	0
226	0	0
226	1	1
226	2	1
226	3	1
226	4	1
226	5	1
226	6	1
226	7	1
226	8	0
226	9	0
226	10	1
226	11	0
228	0	0
228	1	1
228	2	1
228	3	1
228	4	1
228	5	1
228	6	1
228	7	1
228	8	0
228	9	0
228	10	0
228	11	0
230	0	0
230	1	1
230	2	1
230	3	1
230	4	1
230	5	1
230	6	1
230	7	1
230	8	0
230	9	1
230	10	1
230	11	0
232	0	0
232	1	1
232	2	1
232	3	1
232	4	1
232	5	1
232	6	1
232	7	1
232	8	0
232	9	1
232	10	1
232	11	0
234	0	0
234	1	1
234	2	1
234	3	1
234	4	1
234	5	1
234	6	0
234	7	1
234	8	0
234	9	0
234	10	0
234	11	0
236	0	0
236	1	1
236	2	1
236	3	1
236	4	1
236	5	1
236	6	1
236	7	1
236	8	1
236	9	1
236	10	1
236	11	0
238	0	0
238	1	0
238	2	1
238	3	1
238	4	1
238	5	1
238	6	1
238	7	1
238	8	1
238	9	1
238	10	1
238	11	0
240	0	0
240	1	0
240	2	1
240	3	1
240	4	1
240	5	1
240	6	0
240	7	0
240	8	0
240	9	1
240	10	1
240	11	0
242	0	0
242	1	0
242	2	1
242	3	1
242	4	1
242	5	1
242	6	1
242	7	1
242	8	1
242	9	1
242	10	0
242	11	0
244	0	0
244	1	0
244	2	1
244	3	1
244	4	1
244	5	1
244	6	1
244	7	1
244	8	1
244	9	1
244	10	0
244	11	0
246	0	0
246	1	0
246	2	1
246	3	1
246	4	1
246	5	1
246	6	1
246	7	0
246	8	0
246	9	1
246	10	0
246	11	0
248	0	0
248	1	0
248	2	1
248	3	1
248	4	1
248	5	1
248	6	1
248	7	0
248	8	0
248	9	1
248	10	0
248	11	0
250	0	0
250	1	1
250	2	1
250	3	1
250	4	0
250	5	1
250	6	1
250	7	1
250	8	1
250	9	1
250	10	0
250	11	0
252	0	0
252	1	0
252	2	1
252	3	0
252	4	0
252	5	1
252	6	1
252	7	0
252	8	1
252	9	0
252	10	0
252	11	0
254	0	0
254	1	1
254	2	1
254	3	1
254	4	1
254	5	1
254	6	1
254	7	1
254	8	1
254	9	1
254	10	0
254	11	0
256	0	0
256	1	1
256	2	1
256	3	1
256	4	1
256	5	1
256	6	1
256	7	1
256	8	1
256	9	1
256	10	0
256	11	0
258	0	0
258	1	1
258	2	1
258	3	1
258	4	1
258	5	1
258	6	1
258	7	0
258	8	0
258	9	1
258	10	0
258	11	0
260	0	0
260	1	1
260	2	1
260	3	1
260	4	1
260	5	1
260	6	1
260	7	0
260	8	0
260	9	1
260	10	0
260	11	0
262	0	0
262	1	1
262	2	1
262	3	1
262	4	1
262	5	1
262	6	1
262	7	1
262	8	0
262	9	1
262	10	0
262	11	0
264	0	0
264	1	1
264	2	1
264	3	1
264	4	1
264	5	1
264	6	1
264	7	1
264	8	0
264	9	1
264	10	0
264	11	0
266	0	0
266	1	1
266	2	1
266	3	1
266	4	1
266	5	1
266	6	1
266	7	1
266	8	1
266	9	1
266	10	0
266	11	0
268	0	0
268	1	1
268	2	1
268	3	1
268	4	1
268	5	1
268	6	1
268	7	1
268	8	1
268	9	1
268	10	0
268	11	0
270	0	0
270	1	0
270	2	1
270	3	1
270	4	1
270	5	0
270	6	0
270	7	0
270	8	0
270	9	1
270	10	0
270	11	0
272	0	0
272	1	1
272	2	1
272	3	1
272	4	1
272	5	1
272	6	1
272	7	1
272	8	0
272	9	1
272	10	0
272	11	0
274	0	0
274	1	1
274	2	1
274	3	0
274	4	0
274	5	1
274	6	1
274	7	1
274	8	0
274	9	1
274	10	0
274	11	0
276	0	0
276	1	0
276	2	0
276	3	0
276	4	0
276	5	0
276	6	0
276	7	0
276	8	0
276	9	1
276	10	0
276	11	0
278	0	0
278	1	1
278	2	1
278	3	0
278	4	1
278	5	1
278	6	1
278	7	1
278	8	0
278	9	1
278	10	0
278	11	1
280	0	0
280	1	1
280	2	1
280	3	0
280	4	1
280	5	0
280	6	0
280	7	1
280	8	0
280	9	1
280	10	0
280	11	1
282	0	0
282	1	1
282	2	1
282	3	0
282	4	1
282	5	0
282	6	0
282	7	0
282	8	0
282	9	1
282	10	0
282	11	1
284	0	0
284	1	1
284	2	1
284	3	0
284	4	1
284	5	1
284	6	1
284	7	1
284	8	0
284	9	1
284	10	0
284	11	1
286	0	0
286	1	1
286	2	1
286	3	0
286	4	1
286	5	1
286	6	1
286	7	1
286	8	0
286	9	1
286	10	0
286	11	1
288	0	0
288	1	1
288	2	1
288	3	0
288	4	0
288	5	0
288	6	0
288	7	1
288	8	0
288	9	0
288	10	0
288	11	1
290	0	1
290	1	1
290	2	1
290	3	0
290	4	1
290	5	1
290	6	1
290	7	1
290	8	0
290	9	1
290	10	0
290	11	1
292	0	1
292	1	1
292	2	1
292	3	0
292	4	1
292	5	1
292	6	1
292	7	1
292	8	0
292	9	1
292	10	0
292	11	1
294	0	1
294	1	0
294	2	1
294	3	0
294	4	0
294	5	0
294	6	0
294	7	1
294	8	0
294	9	1
294	10	0
294	11	1
296	0	1
296	1	1
296	2	1
296	3	0
296	4	1
296	5	1
296	6	1
296	7	1
296	8	1
296	9	1
296	10	0
296	11	1
298	0	1
298	1	1
298	2	1
298	3	0
298	4	1
298	5	1
298	6	1
298	7	1
298	8	1
298	9	1
298	10	0
298	11	1
300	0	1
300	1	1
300	2	1
300	3	0
300	4	0
300	5	0
300	6	1
300	7	1
300	8	1
300	9	1
300	10	0
300	11	1
302	0	1
302	1	1
302	2	1
302	3	1
302	4	1
302	5	1
302	6	1
302	7	1
302	8	1
302	9	1
302	10	0
302	11	1
304	0	1
304	1	1
304	2	1
304	3	1
304	4	1
304	5	1
304	6	1
304	7	1
304	8	1
304	9	1
304	10	0
304	11	1
306	0	1
306	1	1
306	2	1
306	3	1
306	4	0
306	5	0
306	6	1
306	7	1
306	8	1
306	9	1
306	10	0
306	11	1
308	0	1
308	1	1
308	2	1
308	3	1
308	4	1
308	5	1
308	6	1
308	7	1
308	8	1
308	9	1
308	10	0
308	11	1
310	0	1
310	1	1
310	2	1
310	3	1
310	4	1
310	5	1
310	6	1
310	7	1
310	8	1
310	9	1
310	10	0
310	11	1
312	0	1
312	1	0
312	2	1
312	3	1
312	4	1
312	5	1
312	6	1
312	7	1
312	8	1
312	9	1
312	10	0
312	11	1
314	0	1
314	1	1
314	2	1
314	3	1
314	4	0
314	5	1
314	6	1
314	7	1
314	8	1
314	9	1
314	10	0
314	11	1
316	0	0
316	1	1
316	2	1
316	3	1
316	4	0
316	5	1
316	6	1
316	7	1
316	8	1
316	9	1
316	10	0
316	11	1
318	0	0
318	1	0
318	2	1
318	3	0
318	4	0
318	5	1
318	6	1
318	7	1
318	8	0
318	9	1
318	10	0
318	11	1
320	0	1
320	1	1
320	2	1
320	3	1
320	4	1
320	5	1
320	6	1
320	7	1
320	8	1
320	9	1
320	10	1
320	11	1
322	0	1
322	1	1
322	2	1
322	3	1
322	4	1
322	5	1
322	6	1
322	7	1
322	8	1
322	9	1
322	10	1
322	11	1
324	0	0
324	1	0
324	2	0
324	3	1
324	4	1
324	5	1
324	6	1
324	7	1
324	8	1
324	9	1
324	10	0
324	11	1
326	0	0
326	1	1
326	2	1
326	3	1
326	4	1
326	5	1
326	6	1
326	7	1
326	8	1
326	9	1
326	10	1
326	11	1
328	0	1
328	1	1
328	2	1
328	3	1
328	4	1
328	5	1
328	6	1
328	7	1
328	8	1
328	9	1
328	10	1
328	11	1
330	0	0
330	1	0
330	2	0
330	3	0
330	4	0
330	5	1
330	6	1
330	7	1
330	8	1
330	9	1
330	10	0
330	11	1
332	0	0
332	1	1
332	2	1
332	3	1
332	4	1
332	5	1
332	6	1
332	7	1
332	8	1
332	9	1
332	10	1
332	11	1
334	0	0
334	1	1
334	2	1
334	3	1
334	4	1
334	5	1
334	6	1
334	7	1
334	8	1
334	9	1
334	10	1
334	11	1
336	0	0
336	1	0
336	2	1
336	3	0
336	4	1
336	5	1
336	6	1
336	7	1
336	8	1
336	9	1
336	10	0
336	11	1
338	0	0
338	1	1
338	2	1
338	3	1
338	4	1
338	5	1
338	6	1
338	7	1
338	8	1
338	9	1
338	10	1
338	11	1
340	0	0
340	1	1
340	2	1
340	3	1
340	4	1
340	5	1
340	6	1
340	7	1
340	8	1
340	9	1
340	10	1
340	11	1
342	0	0
342	1	1
342	2	0
342	3	0
342	4	0
342	5	1
342	6	1
342	7	1
342	8	1
342	9	1
342	10	0
342	11	1
344	0	0
344	1	1
344	2	1
344	3	1
344	4	1
344	5	1
344	6	1
344	7	1
344	8	1
344	9	1
344	10	1
344	11	1
346	0	0
346	1	1
346	2	1
346	3	1
346	4	1
346	5	1
346	6	1
346	7	1
346	8	0
346	9	0
346	10	1
346	11	1
348	0	0
348	1	0
348	2	0
348	3	0
348	4	0
348	5	1
348	6	1
348	7	1
348	8	0
348	9	0
348	10	0
348	11	0
350	0	0
350	1	1
350	2	1
350	3	1
350	4	1
350	5	1
350	6	1
350	7	1
350	8	1
350	9	0
350	10	1
350	11	0
352	0	0
352	1	0
352	2	1
352	3	0
352	4	0
352	5	1
352	6	1
352	7	1
352	8	1
352	9	0
352	10	1
352	11	0
354	0	0
354	1	0
354	2	0
354	3	0
354	4	0
354	5	1
354	6	0
354	7	1
354	8	0
354	9	0
354	10	0
354	11	0
356	0	1
356	1	1
356	2	1
356	3	1
356	4	1
356	5	1
356	6	1
356	7	1
356	8	1
356	9	0
356	10	1
356	11	0
358	0	0
358	1	1
358	2	1
358	3	1
358	4	1
358	5	1
358	6	1
358	7	1
358	8	1
358	9	0
358	10	1
358	11	0
360	0	1
360	1	1
360	2	1
360	3	1
360	4	1
360	5	1
360	6	1
360	7	1
360	8	1
360	9	0
360	10	1
360	11	0
362	0	1
362	1	1
362	2	1
362	3	1
362	4	1
362	5	1
362	6	1
362	7	1
362	8	1
362	9	0
362	10	1
362	11	0
364	0	0
364	1	1
364	2	1
364	3	1
364	4	1
364	5	1
364	6	1
364	7	1
364	8	1
364	9	1
364	10	1
364	11	0
366	0	0
366	1	0
366	2	0
366	3	0
366	4	0
366	5	0
366	6	0
366	7	0
366	8	1
366	9	1
366	10	0
366	11	0
368	0	0
368	1	0
368	2	0
368	3	0
368	4	0
368	5	0
368	6	0
368	7	0
368	8	1
368	9	1
368	10	0
368	11	0
370	0	0
370	1	0
370	2	0
370	3	0
370	4	0
370	5	0
370	6	0
370	7	0
370	8	1
370	9	1
370	10	0
370	11	0
372	0	0
372	1	0
372	2	0
372	3	0
372	4	0
372	5	0
372	6	0
372	7	0
372	8	0
372	9	1
372	10	0
372	11	0
374	0	1
374	1	1
374	2	1
374	3	1
374	4	1
374	5	1
374	6	1
374	7	1
374	8	1
374	9	1
374	10	1
374	11	1
376	0	1
376	1	1
376	2	1
376	3	1
376	4	0
376	5	1
376	6	1
376	7	1
376	8	1
376	9	1
376	10	0
376	11	1
378	0	1
378	1	1
378	2	0
378	3	0
378	4	0
378	5	0
378	6	0
378	7	0
378	8	0
378	9	1
378	10	0
378	11	0
380	0	1
380	1	0
380	2	1
380	3	1
380	4	1
380	5	1
380	6	1
380	7	1
380	8	0
380	9	1
380	10	1
380	11	0
382	0	1
382	1	0
382	2	1
382	3	1
382	4	0
382	5	1
382	6	1
382	7	1
382	8	0
382	9	1
382	10	0
382	11	0
384	0	0
384	1	0
384	2	0
384	3	0
384	4	0
384	5	0
384	6	0
384	7	1
384	8	0
384	9	1
384	10	0
384	11	0
386	0	0
386	1	1
386	2	1
386	3	1
386	4	1
386	5	1
386	6	1
386	7	1
386	8	0
386	9	1
386	10	1
386	11	0
388	0	0
388	1	1
388	2	1
388	3	1
388	4	1
388	5	1
388	6	1
388	7	1
388	8	0
388	9	1
388	10	1
388	11	0
390	0	1
390	1	1
390	2	1
390	3	1
390	4	1
390	5	1
390	6	1
390	7	1
390	8	0
390	9	0
390	10	1
390	11	0
392	0	1
392	1	1
392	2	1
392	3	1
392	4	1
392	5	1
392	6	1
392	7	0
392	8	0
392	9	0
392	10	1
392	11	0
394	0	1
394	1	1
394	2	1
394	3	1
394	4	1
394	5	1
394	6	1
394	7	1
394	8	0
394	9	1
394	10	1
394	11	0
396	0	1
396	1	1
396	2	1
396	3	1
396	4	1
396	5	1
396	6	1
396	7	1
396	8	0
396	9	1
396	10	1
396	11	0
398	0	1
398	1	1
398	2	1
398	3	1
398	4	1
398	5	1
398	6	1
398	7	1
398	8	1
398	9	0
398	10	1
398	11	0
400	0	0
400	1	1
400	2	1
400	3	1
400	4	1
400	5	1
400	6	1
400	7	1
400	8	1
400	9	0
400	10	1
400	11	0
402	0	1
402	1	1
402	2	1
402	3	1
402	4	1
402	5	1
402	6	1
402	7	1
402	8	1
402	9	0
402	10	1
402	11	0
404	0	0
404	1	1
404	2	1
404	3	1
404	4	1
404	5	1
404	6	1
404	7	1
404	8	1
404	9	0
404	10	1
404	11	0
406	0	1
406	1	1
406	2	1
406	3	1
406	4	1
406	5	1
406	6	1
406	7	1
406	8	0
406	9	0
406	10	1
406	11	0
408	0	1
408	1	1
408	2	1
408	3	1
408	4	1
408	5	1
408	6	1
408	7	1
408	8	0
408	9	0
408	10	1
408	11	0
410	0	1
410	1	1
410	2	1
410	3	1
410	4	1
410	5	1
410	6	1
410	7	1
410	8	0
410	9	0
410	10	1
410	11	0
412	0	1
412	1	1
412	2	1
412	3	1
412	4	1
412	5	1
412	6	1
412	7	1
412	8	0
412	9	0
412	10	1
412	11	0
414	0	1
414	1	1
414	2	1
414	3	1
414	4	1
414	5	1
414	6	1
414	7	1
414	8	0
414	9	0
414	10	1
414	11	1
416	0	1
416	1	1
416	2	0
416	3	0
416	4	0
416	5	1
416	6	1
416	7	1
416	8	0
416	9	0
416	10	1
416	11	1
418	0	1
418	1	1
418	2	1
418	3	1
418	4	1
418	5	1
418	6	1
418	7	1
418	8	1
418	9	0
418	10	1
418	11	1
420	0	1
420	1	1
420	2	1
420	3	1
420	4	1
420	5	1
420	6	1
420	7	1
420	8	1
420	9	0
420	10	1
420	11	1
422	0	1
422	1	1
422	2	1
422	3	1
422	4	1
422	5	1
422	6	1
422	7	1
422	8	0
422	9	0
422	10	1
422	11	1
424	0	1
424	1	1
424	2	1
424	3	1
424	4	1
424	5	1
424	6	1
424	7	1
424	8	1
424	9	0
424	10	1
424	11	1
426	0	1
426	1	1
426	2	1
426	3	1
426	4	1
426	5	1
426	6	1
426	7	1
426	8	1
426	9	0
426	10	1
426	11	0
428	0	1
428	1	1
428	2	1
428	3	1
428	4	1
428	5	1
428	6	1
428	7	1
428	8	1
428	9	0
428	10	1
428	11	0
430	0	1
430	1	1
430	2	1
430	3	1
430	4	1
430	5	1
430	6	1
430	7	1
430	8	0
430	9	0
430	10	1
430	11	1
432	0	1
432	1	0
432	2	0
432	3	0
432	4	0
432	5	1
432	6	1
432	7	0
432	8	0
432	9	0
432	10	0
432	11	1
434	0	1
434	1	0
434	2	0
434	3	0
434	4	0
434	5	0
434	6	1
434	7	0
434	8	0
434	9	0
434	10	0
434	11	1
436	0	1
436	1	1
436	2	0
436	3	0
436	4	1
436	5	1
436	6	1
436	7	1
436	8	0
436	9	0
436	10	1
436	11	1
438	0	1
438	1	1
438	2	1
438	3	1
438	4	1
438	5	1
438	6	1
438	7	1
438	8	1
438	9	0
438	10	1
438	11	1
440	0	1
440	1	1
440	2	1
440	3	1
440	4	1
440	5	1
440	6	1
440	7	1
440	8	1
440	9	0
440	10	1
440	11	1
442	0	1
442	1	1
442	2	0
442	3	0
442	4	1
442	5	1
442	6	1
442	7	1
442	8	1
442	9	0
442	10	1
442	11	1
444	0	1
444	1	1
444	2	0
444	3	0
444	4	1
444	5	1
444	6	1
444	7	1
444	8	1
444	9	0
444	10	1
444	11	1
446	0	1
446	1	1
446	2	0
446	3	0
446	4	1
446	5	1
446	6	1
446	7	1
446	8	1
446	9	0
446	10	1
446	11	1
448	0	0
448	1	0
448	2	0
448	3	0
448	4	0
448	5	1
448	6	1
448	7	1
448	8	1
448	9	0
448	10	0
448	11	1
450	0	0
450	1	0
450	2	0
450	3	0
450	4	0
450	5	0
450	6	0
450	7	1
450	8	1
450	9	0
450	10	0
450	11	1
452	0	1
452	1	1
452	2	1
452	3	0
452	4	1
452	5	1
452	6	1
452	7	1
452	8	1
452	9	1
452	10	1
452	11	1
454	0	1
454	1	1
454	2	1
454	3	1
454	4	1
454	5	1
454	6	1
454	7	1
454	8	1
454	9	1
454	10	1
454	11	1
456	0	1
456	1	1
456	2	1
456	3	1
456	4	1
456	5	1
456	6	1
456	7	1
456	8	1
456	9	1
456	10	1
456	11	1
458	0	1
458	1	1
458	2	1
458	3	1
458	4	1
458	5	1
458	6	1
458	7	1
458	8	1
458	9	1
458	10	1
458	11	1
460	0	1
460	1	1
460	2	1
460	3	1
460	4	1
460	5	1
460	6	1
460	7	1
460	8	1
460	9	1
460	10	1
460	11	1
462	0	1
462	1	1
462	2	0
462	3	1
462	4	1
462	5	1
462	6	1
462	7	1
462	8	1
462	9	1
462	10	1
462	11	1
464	0	1
464	1	1
464	2	1
464	3	1
464	4	1
464	5	1
464	6	1
464	7	1
464	8	1
464	9	1
464	10	1
464	11	1
466	0	1
466	1	1
466	2	0
466	3	0
466	4	1
466	5	1
466	6	1
466	7	1
466	8	1
466	9	1
466	10	1
466	11	1
468	0	1
468	1	1
468	2	0
468	3	0
468	4	0
468	5	1
468	6	1
468	7	1
468	8	1
468	9	1
468	10	1
468	11	1
470	0	1
470	1	1
470	2	1
470	3	0
470	4	1
470	5	1
470	6	1
470	7	0
470	8	1
470	9	0
470	10	1
470	11	1
472	0	1
472	1	1
472	2	1
472	3	0
472	4	1
472	5	1
472	6	1
472	7	0
472	8	1
472	9	0
472	10	1
472	11	1
474	0	1
474	1	0
474	2	1
474	3	0
474	4	0
474	5	1
474	6	1
474	7	0
474	8	1
474	9	0
474	10	0
474	11	1
476	0	1
476	1	0
476	2	1
476	3	0
476	4	0
476	5	1
476	6	1
476	7	0
476	8	1
476	9	0
476	10	0
476	11	1
478	0	1
478	1	0
478	2	1
478	3	1
478	4	1
478	5	1
478	6	1
478	7	1
478	8	1
478	9	1
478	10	1
478	11	1
480	0	1
480	1	0
480	2	0
480	3	1
480	4	0
480	5	1
480	6	0
480	7	1
480	8	1
480	9	1
480	10	0
480	11	0
482	0	1
482	1	1
482	2	0
482	3	1
482	4	1
482	5	1
482	6	1
482	7	1
482	8	1
482	9	1
482	10	1
482	11	1
484	0	1
484	1	1
484	2	1
484	3	1
484	4	1
484	5	1
484	6	1
484	7	1
484	8	1
484	9	1
484	10	1
484	11	1
486	0	0
486	1	1
486	2	1
486	3	0
486	4	1
486	5	1
486	6	1
486	7	1
486	8	1
486	9	1
486	10	1
486	11	1
488	0	1
488	1	1
488	2	1
488	3	1
488	4	1
488	5	1
488	6	1
488	7	1
488	8	1
488	9	1
488	10	1
488	11	1
490	0	1
490	1	1
490	2	1
490	3	1
490	4	1
490	5	1
490	6	1
490	7	1
490	8	1
490	9	1
490	10	1
490	11	1
492	0	1
492	1	1
492	2	1
492	3	0
492	4	1
492	5	1
492	6	1
492	7	1
492	8	1
492	9	1
492	10	1
492	11	1
494	0	1
494	1	1
494	2	1
494	3	0
494	4	1
494	5	1
494	6	1
494	7	1
494	8	1
494	9	1
494	10	1
494	11	1
496	0	1
496	1	1
496	2	1
496	3	0
496	4	1
496	5	1
496	6	1
496	7	1
496	8	1
496	9	1
496	10	1
496	11	1
498	0	1
498	1	1
498	2	1
498	3	0
498	4	1
498	5	1
498	6	1
498	7	1
498	8	1
498	9	1
498	10	1
498	11	1
500	0	1
500	1	1
500	2	1
500	3	0
500	4	1
500	5	1
500	6	1
500	7	1
500	8	1
500	9	1
500	10	1
500	11	0
502	0	1
502	1	1
502	2	1
502	3	0
502	4	1
502	5	1
502	6	1
502	7	1
502	8	1
502	9	1
502	10	1
502	11	1
504	0	1
504	1	1
504	2	1
504	3	0
504	4	1
504	5	1
504	6	1
504	7	1
504	8	1
504	9	1
504	10	1
504	11	1
506	0	1
506	1	1
506	2	1
506	3	0
506	4	1
506	5	1
506	6	1
506	7	1
506	8	1
506	9	1
506	10	1
506	11	1
508	0	1
508	1	0
508	2	1
508	3	0
508	4	0
508	5	1
508	6	1
508	7	1
508	8	1
508	9	1
508	10	0
508	11	1
510	0	0
510	1	0
510	2	1
510	3	0
510	4	0
510	5	0
510	6	1
510	7	1
510	8	1
510	9	1
510	10	0
510	11	0
512	0	1
512	1	1
512	2	1
512	3	0
512	4	1
512	5	1
512	6	1
512	7	1
512	8	1
512	9	1
512	10	1
512	11	1
514	0	1
514	1	1
514	2	1
514	3	0
514	4	0
514	5	1
514	6	1
514	7	1
514	8	1
514	9	1
514	10	0
514	11	1
516	0	1
516	1	1
516	2	0
516	3	0
516	4	0
516	5	1
516	6	1
516	7	1
516	8	1
516	9	1
516	10	0
516	11	0
518	0	1
518	1	1
518	2	1
518	3	0
518	4	1
518	5	1
518	6	1
518	7	1
518	8	1
518	9	1
518	10	1
518	11	1
520	0	1
520	1	1
520	2	1
520	3	0
520	4	1
520	5	1
520	6	1
520	7	1
520	8	1
520	9	1
520	10	1
520	11	1
522	0	1
522	1	1
522	2	1
522	3	0
522	4	1
522	5	1
522	6	1
522	7	1
522	8	1
522	9	1
522	10	1
522	11	1
524	0	1
524	1	1
524	2	1
524	3	1
524	4	1
524	5	1
524	6	1
524	7	1
524	8	1
524	9	1
524	10	1
524	11	1
526	0	1
526	1	1
526	2	1
526	3	1
526	4	1
526	5	1
526	6	1
526	7	1
526	8	1
526	9	1
526	10	1
526	11	1
528	0	1
528	1	1
528	2	1
528	3	1
528	4	1
528	5	1
528	6	1
528	7	1
528	8	1
528	9	1
528	10	1
528	11	1
530	0	1
530	1	1
530	2	1
530	3	1
530	4	1
530	5	1
530	6	1
530	7	0
530	8	1
530	9	1
530	10	1
530	11	1
532	0	0
532	1	1
532	2	1
532	3	1
532	4	1
532	5	1
532	6	1
532	7	1
532	8	1
532	9	1
532	10	1
532	11	1
534	0	1
534	1	1
534	2	1
534	3	1
534	4	1
534	5	1
534	6	1
534	7	1
534	8	1
534	9	1
534	10	1
534	11	1
536	0	1
536	1	1
536	2	1
536	3	1
536	4	0
536	5	1
536	6	0
536	7	1
536	8	1
536	9	1
536	10	0
536	11	0
538	0	1
538	1	1
538	2	1
538	3	1
538	4	1
538	5	0
538	6	0
538	7	1
538	8	1
538	9	1
538	10	1
538	11	0
540	0	1
540	1	1
540	2	1
540	3	1
540	4	1
540	5	1
540	6	1
540	7	0
540	8	1
540	9	1
540	10	1
540	11	0
542	0	1
542	1	1
542	2	1
542	3	1
542	4	1
542	5	1
542	6	1
542	7	0
542	8	1
542	9	1
542	10	1
542	11	0
544	0	1
544	1	0
544	2	0
544	3	0
544	4	0
544	5	1
544	6	1
544	7	0
544	8	0
544	9	1
544	10	0
544	11	0
546	0	1
546	1	0
546	2	1
546	3	1
546	4	1
546	5	1
546	6	1
546	7	0
546	8	1
546	9	1
546	10	1
546	11	0
548	0	1
548	1	1
548	2	1
548	3	1
548	4	1
548	5	1
548	6	1
548	7	1
548	8	1
548	9	1
548	10	1
548	11	0
550	0	1
550	1	1
550	2	1
550	3	1
550	4	1
550	5	1
550	6	0
550	7	1
550	8	1
550	9	1
550	10	1
550	11	0
552	0	1
552	1	1
552	2	1
552	3	1
552	4	1
552	5	1
552	6	0
552	7	1
552	8	1
552	9	1
552	10	1
552	11	0
554	0	1
554	1	1
554	2	1
554	3	0
554	4	1
554	5	1
554	6	0
554	7	1
554	8	1
554	9	1
554	10	1
554	11	0
556	0	1
556	1	1
556	2	1
556	3	1
556	4	1
556	5	1
556	6	1
556	7	1
556	8	1
556	9	1
556	10	1
556	11	0
558	0	1
558	1	1
558	2	1
558	3	1
558	4	1
558	5	1
558	6	1
558	7	1
558	8	1
558	9	1
558	10	1
558	11	0
560	0	1
560	1	1
560	2	1
560	3	0
560	4	1
560	5	1
560	6	0
560	7	1
560	8	1
560	9	1
560	10	1
560	11	0
562	0	1
562	1	1
562	2	1
562	3	0
562	4	1
562	5	1
562	6	1
562	7	1
562	8	1
562	9	1
562	10	1
562	11	0
564	0	1
564	1	1
564	2	1
564	3	0
564	4	1
564	5	1
564	6	1
564	7	1
564	8	1
564	9	1
564	10	1
564	11	0
566	0	1
566	1	0
566	2	1
566	3	0
566	4	0
566	5	1
566	6	1
566	7	1
566	8	1
566	9	1
566	10	0
566	11	0
568	0	1
568	1	1
568	2	1
568	3	1
568	4	1
568	5	1
568	6	1
568	7	0
568	8	1
568	9	1
568	10	1
568	11	0
570	0	1
570	1	1
570	2	1
570	3	1
570	4	1
570	5	1
570	6	1
570	7	1
570	8	1
570	9	1
570	10	1
570	11	0
572	0	1
572	1	1
572	2	1
572	3	1
572	4	1
572	5	1
572	6	1
572	7	1
572	8	1
572	9	1
572	10	1
572	11	1
574	0	1
574	1	1
574	2	1
574	3	1
574	4	1
574	5	1
574	6	1
574	7	1
574	8	1
574	9	1
574	10	1
574	11	1
576	0	1
576	1	1
576	2	1
576	3	0
576	4	1
576	5	1
576	6	1
576	7	1
576	8	1
576	9	1
576	10	1
576	11	0
578	0	1
578	1	1
578	2	1
578	3	1
578	4	1
578	5	1
578	6	1
578	7	1
578	8	1
578	9	1
578	10	1
578	11	1
580	0	1
580	1	1
580	2	0
580	3	1
580	4	0
580	5	1
580	6	1
580	7	0
580	8	1
580	9	1
580	10	1
580	11	1
582	0	1
582	1	0
582	2	0
582	3	0
582	4	0
582	5	0
582	6	0
582	7	0
582	8	1
582	9	1
582	10	1
582	11	0
584	0	1
584	1	0
584	2	1
584	3	1
584	4	1
584	5	1
584	6	1
584	7	1
584	8	1
584	9	1
584	10	1
584	11	1
586	0	1
586	1	1
586	2	1
586	3	1
586	4	1
586	5	1
586	6	1
586	7	1
586	8	1
586	9	1
586	10	1
586	11	1
588	0	1
588	1	1
588	2	1
588	3	1
588	4	1
588	5	1
588	6	1
588	7	1
588	8	1
588	9	1
588	10	1
588	11	1
590	0	1
590	1	1
590	2	1
590	3	1
590	4	1
590	5	1
590	6	1
590	7	1
590	8	1
590	9	1
590	10	1
590	11	1
592	0	1
592	1	1
592	2	1
592	3	1
592	4	1
592	5	1
592	6	1
592	7	1
592	8	1
592	9	1
592	10	1
592	11	1
594	0	1
594	1	1
594	2	1
594	3	1
594	4	1
594	5	1
594	6	1
594	7	1
594	8	1
594	9	1
594	10	1
594	11	1
596	0	1
596	1	0
596	2	1
596	3	1
596	4	1
596	5	1
596	6	1
596	7	0
596	8	1
596	9	1
596	10	0
596	11	1
598	0	0
598	1	0
598	2	0
598	3	0
598	4	0
598	5	0
598	6	0
598	7	0
598	8	1
598	9	1
598	10	0
598	11	1
600	0	0
600	1	0
600	2	1
600	3	1
600	4	1
600	5	1
600	6	1
600	7	0
600	8	1
600	9	0
600	10	1
600	11	1
602	0	1
602	1	1
602	2	1
602	3	1
602	4	1
602	5	1
602	6	1
602	7	0
602	8	1
602	9	0
602	10	1
602	11	1
604	0	1
604	1	1
604	2	1
604	3	0
604	4	1
604	5	1
604	6	1
604	7	0
604	8	0
604	9	1
604	10	1
604	11	1
606	0	1
606	1	1
606	2	1
606	3	1
606	4	1
606	5	1
606	6	1
606	7	0
606	8	1
606	9	1
606	10	1
606	11	1
608	0	1
608	1	1
608	2	0
608	3	1
608	4	0
608	5	1
608	6	1
608	7	0
608	8	1
608	9	1
608	10	0
608	11	1
610	0	1
610	1	1
610	2	1
610	3	0
610	4	1
610	5	1
610	6	1
610	7	0
610	8	1
610	9	1
610	10	1
610	11	1
612	0	1
612	1	1
612	2	1
612	3	1
612	4	1
612	5	1
612	6	1
612	7	0
612	8	1
612	9	1
612	10	1
612	11	1
614	0	1
614	1	1
614	2	1
614	3	1
614	4	1
614	5	1
614	6	1
614	7	0
614	8	1
614	9	1
614	10	1
614	11	1
616	0	1
616	1	1
616	2	1
616	3	0
616	4	1
616	5	1
616	6	1
616	7	0
616	8	1
616	9	1
616	10	1
616	11	1
618	0	1
618	1	1
618	2	1
618	3	1
618	4	1
618	5	1
618	6	1
618	7	0
618	8	1
618	9	1
618	10	1
618	11	1
620	0	1
620	1	1
620	2	1
620	3	1
620	4	0
620	5	1
620	6	1
620	7	0
620	8	1
620	9	1
620	10	1
620	11	0
622	0	1
622	1	1
622	2	0
622	3	0
622	4	0
622	5	0
622	6	0
622	7	0
622	8	0
622	9	0
622	10	0
622	11	0
624	0	1
624	1	1
624	2	1
624	3	1
624	4	1
624	5	0
624	6	1
624	7	0
624	8	1
624	9	1
624	10	1
624	11	1
626	0	1
626	1	1
626	2	1
626	3	0
626	4	1
626	5	1
626	6	1
626	7	0
626	8	1
626	9	1
626	10	1
626	11	1
628	0	1
628	1	1
628	2	1
628	3	1
628	4	1
628	5	1
628	6	1
628	7	0
628	8	1
628	9	1
628	10	1
628	11	1
630	0	1
630	1	0
630	2	1
630	3	1
630	4	1
630	5	1
630	6	1
630	7	0
630	8	1
630	9	1
630	10	1
630	11	1
632	0	1
632	1	1
632	2	1
632	3	1
632	4	1
632	5	1
632	6	1
632	7	1
632	8	1
632	9	1
632	10	1
632	11	1
634	0	1
634	1	1
634	2	1
634	3	0
634	4	1
634	5	1
634	6	1
634	7	1
634	8	1
634	9	1
634	10	1
634	11	1
636	0	1
636	1	0
636	2	1
636	3	1
636	4	1
636	5	1
636	6	1
636	7	1
636	8	1
636	9	1
636	10	1
636	11	1
638	0	1
638	1	0
638	2	1
638	3	1
638	4	1
638	5	1
638	6	1
638	7	1
638	8	1
638	9	1
638	10	1
638	11	1
640	0	1
640	1	1
640	2	1
640	3	1
640	4	1
640	5	1
640	6	1
640	7	1
640	8	1
640	9	1
640	10	1
640	11	1
642	0	1
642	1	1
642	2	1
642	3	1
642	4	1
642	5	1
642	6	1
642	7	1
642	8	1
642	9	1
642	10	1
642	11	1
644	0	1
644	1	1
644	2	0
644	3	1
644	4	0
644	5	1
644	6	1
644	7	1
644	8	1
644	9	1
644	10	0
644	11	1
646	0	1
646	1	1
646	2	0
646	3	0
646	4	0
646	5	0
646	6	0
646	7	1
646	8	1
646	9	1
646	10	0
646	11	0
648	0	0
648	1	1
648	2	1
648	3	1
648	4	1
648	5	1
648	6	1
648	7	1
648	8	1
648	9	1
648	10	1
648	11	1
650	0	1
650	1	1
650	2	1
650	3	1
650	4	1
650	5	1
650	6	1
650	7	0
650	8	1
650	9	1
650	10	1
650	11	1
652	0	1
652	1	1
652	2	1
652	3	1
652	4	1
652	5	1
652	6	1
652	7	0
652	8	1
652	9	1
652	10	1
652	11	1
654	0	1
654	1	1
654	2	1
654	3	1
654	4	1
654	5	1
654	6	1
654	7	0
654	8	1
654	9	1
654	10	1
654	11	1
656	0	1
656	1	1
656	2	1
656	3	1
656	4	1
656	5	1
656	6	1
656	7	0
656	8	1
656	9	1
656	10	1
656	11	1
658	0	1
658	1	1
658	2	1
658	3	1
658	4	1
658	5	1
658	6	1
658	7	1
658	8	1
658	9	1
658	10	1
658	11	1
660	0	1
660	1	1
660	2	1
660	3	1
660	4	1
660	5	1
660	6	1
660	7	1
660	8	1
660	9	1
660	10	1
660	11	1
662	0	1
662	1	1
662	2	1
662	3	1
662	4	1
662	5	1
662	6	1
662	7	1
662	8	1
662	9	1
662	10	1
662	11	0
664	0	1
664	1	1
664	2	1
664	3	1
664	4	1
664	5	1
664	6	1
664	7	1
664	8	1
664	9	1
664	10	1
664	11	0
666	0	1
666	1	1
666	2	1
666	3	1
666	4	1
666	5	1
666	6	1
666	7	1
666	8	1
666	9	1
666	10	1
666	11	0
668	0	1
668	1	1
668	2	1
668	3	0
668	4	0
668	5	1
668	6	1
668	7	1
668	8	1
668	9	1
668	10	1
668	11	0
670	0	1
670	1	1
670	2	1
670	3	1
670	4	1
670	5	1
670	6	1
670	7	0
670	8	1
670	9	1
670	10	1
670	11	1
672	0	1
672	1	1
672	2	1
672	3	0
672	4	1
672	5	1
672	6	1
672	7	0
672	8	1
672	9	1
672	10	1
672	11	1
674	0	1
674	1	1
674	2	1
674	3	0
674	4	1
674	5	1
674	6	1
674	7	1
674	8	1
674	9	1
674	10	1
674	11	1
676	0	1
676	1	1
676	2	1
676	3	0
676	4	0
676	5	0
676	6	1
676	7	1
676	8	1
676	9	1
676	10	1
676	11	1
678	0	0
678	1	1
678	2	0
678	3	0
678	4	0
678	5	0
678	6	0
678	7	1
678	8	1
678	9	1
678	10	1
678	11	0
680	0	0
680	1	0
680	2	0
680	3	1
680	4	1
680	5	0
680	6	1
680	7	0
680	8	1
680	9	0
680	10	1
680	11	0
682	0	0
682	1	0
682	2	0
682	3	1
682	4	1
682	5	1
682	6	1
682	7	0
682	8	1
682	9	0
682	10	1
682	11	0
684	0	1
684	1	1
684	2	1
684	3	1
684	4	1
684	5	1
684	6	1
684	7	0
684	8	1
684	9	0
684	10	1
684	11	0
686	0	1
686	1	1
686	2	1
686	3	1
686	4	0
686	5	0
686	6	1
686	7	0
686	8	1
686	9	0
686	10	0
686	11	0
688	0	1
688	1	1
688	2	1
688	3	0
688	4	1
688	5	1
688	6	1
688	7	0
688	8	1
688	9	0
688	10	1
688	11	0
690	0	1
690	1	1
690	2	1
690	3	1
690	4	1
690	5	1
690	6	1
690	7	0
690	8	1
690	9	1
690	10	1
690	11	0
692	0	1
692	1	1
692	2	1
692	3	1
692	4	1
692	5	1
692	6	1
692	7	0
692	8	1
692	9	1
692	10	1
692	11	1
694	0	1
694	1	1
694	2	1
694	3	1
694	4	0
694	5	1
694	6	0
694	7	0
694	8	1
694	9	1
694	10	0
694	11	1
696	0	1
696	1	1
696	2	1
696	3	1
696	4	1
696	5	1
696	6	1
696	7	0
696	8	1
696	9	1
696	10	1
696	11	1
698	0	1
698	1	1
698	2	1
698	3	1
698	4	1
698	5	1
698	6	1
698	7	0
698	8	1
698	9	1
698	10	1
698	11	1
700	0	1
700	1	1
700	2	1
700	3	1
700	4	1
700	5	1
700	6	1
700	7	0
700	8	1
700	9	1
700	10	1
700	11	1
702	0	1
702	1	0
702	2	1
702	3	1
702	4	1
702	5	1
702	6	1
702	7	0
702	8	1
702	9	0
702	10	0
702	11	1
704	0	1
704	1	1
704	2	1
704	3	1
704	4	1
704	5	1
704	6	1
704	7	0
704	8	1
704	9	1
704	10	1
704	11	1
706	0	1
706	1	0
706	2	1
706	3	1
706	4	1
706	5	1
706	6	1
706	7	1
706	8	1
706	9	1
706	10	1
706	11	1
708	0	1
708	1	0
708	2	1
708	3	1
708	4	1
708	5	1
708	6	1
708	7	1
708	8	1
708	9	1
708	10	1
708	11	1
710	0	1
710	1	0
710	2	1
710	3	1
710	4	1
710	5	1
710	6	1
710	7	1
710	8	1
710	9	1
710	10	1
710	11	1
712	0	1
712	1	0
712	2	1
712	3	1
712	4	1
712	5	1
712	6	0
712	7	1
712	8	1
712	9	1
712	10	1
712	11	1
714	0	1
714	1	0
714	2	1
714	3	1
714	4	1
714	5	0
714	6	1
714	7	1
714	8	1
714	9	1
714	10	1
714	11	1
716	0	1
716	1	0
716	2	1
716	3	1
716	4	1
716	5	1
716	6	1
716	7	1
716	8	1
716	9	1
716	10	1
716	11	1
718	0	1
718	1	1
718	2	1
718	3	1
718	4	1
718	5	1
718	6	1
718	7	1
718	8	1
718	9	1
718	10	1
718	11	1
720	0	1
720	1	1
720	2	1
720	3	1
720	4	1
720	5	1
720	6	1
720	7	1
720	8	1
720	9	1
720	10	1
720	11	1
722	0	1
722	1	0
722	2	1
722	3	1
722	4	1
722	5	1
722	6	1
722	7	1
722	8	1
722	9	1
722	10	1
722	11	1
724	0	0
724	1	0
724	2	1
724	3	1
724	4	0
724	5	1
724	6	0
724	7	1
724	8	1
724	9	1
724	10	0
724	11	1
726	0	1
726	1	0
726	2	1
726	3	1
726	4	1
726	5	1
726	6	1
726	7	0
726	8	1
726	9	1
726	10	1
726	11	1
728	0	1
728	1	0
728	2	1
728	3	1
728	4	0
728	5	1
728	6	1
728	7	0
728	8	1
728	9	1
728	10	0
728	11	1
730	0	1
730	1	0
730	2	1
730	3	1
730	4	0
730	5	1
730	6	1
730	7	0
730	8	1
730	9	1
730	10	0
730	11	1
732	0	1
732	1	0
732	2	1
732	3	1
732	4	1
732	5	1
732	6	1
732	7	0
732	8	1
732	9	1
732	10	1
732	11	1
734	0	0
734	1	0
734	2	1
734	3	1
734	4	1
734	5	1
734	6	1
734	7	0
734	8	1
734	9	1
734	10	1
734	11	1
736	0	0
736	1	0
736	2	1
736	3	1
736	4	0
736	5	1
736	6	0
736	7	0
736	8	1
736	9	1
736	10	0
736	11	1
738	0	0
738	1	0
738	2	1
738	3	1
738	4	0
738	5	1
738	6	0
738	7	0
738	8	1
738	9	1
738	10	0
738	11	1
740	0	1
740	1	0
740	2	1
740	3	1
740	4	1
740	5	1
740	6	1
740	7	1
740	8	1
740	9	1
740	10	1
740	11	1
742	0	1
742	1	0
742	2	1
742	3	1
742	4	1
742	5	1
742	6	1
742	7	1
742	8	1
742	9	1
742	10	1
742	11	1
744	0	1
744	1	0
744	2	1
744	3	1
744	4	1
744	5	1
744	6	1
744	7	1
744	8	1
744	9	1
744	10	1
744	11	1
746	0	1
746	1	0
746	2	0
746	3	1
746	4	0
746	5	1
746	6	1
746	7	1
746	8	1
746	9	1
746	10	0
746	11	0
748	0	1
748	1	0
748	2	1
748	3	1
748	4	1
748	5	1
748	6	1
748	7	1
748	8	1
748	9	1
748	10	1
748	11	1
750	0	1
750	1	0
750	2	0
750	3	0
750	4	0
750	5	0
750	6	1
750	7	0
750	8	1
750	9	1
750	10	0
750	11	1
752	0	1
752	1	0
752	2	0
752	3	0
752	4	0
752	5	0
752	6	0
752	7	0
752	8	0
752	9	1
752	10	0
752	11	1
754	0	1
754	1	0
754	2	0
754	3	0
754	4	0
754	5	0
754	6	0
754	7	0
754	8	0
754	9	1
754	10	0
754	11	1
756	0	1
756	1	0
756	2	0
756	3	0
756	4	0
756	5	0
756	6	0
756	7	0
756	8	0
756	9	1
756	10	0
756	11	0
758	0	1
758	1	1
758	2	1
758	3	1
758	4	1
758	5	1
758	6	1
758	7	0
758	8	1
758	9	1
758	10	1
758	11	1
760	0	1
760	1	1
760	2	1
760	3	1
760	4	1
760	5	1
760	6	0
760	7	0
760	8	1
760	9	1
760	10	1
760	11	1
762	0	1
762	1	1
762	2	1
762	3	1
762	4	1
762	5	1
762	6	1
762	7	0
762	8	1
762	9	1
762	10	1
762	11	1
764	0	1
764	1	0
764	2	1
764	3	1
764	4	1
764	5	1
764	6	1
764	7	0
764	8	1
764	9	1
764	10	1
764	11	1
766	0	1
766	1	0
766	2	1
766	3	1
766	4	1
766	5	1
766	6	1
766	7	0
766	8	1
766	9	1
766	10	1
766	11	0
768	0	1
768	1	0
768	2	1
768	3	1
768	4	1
768	5	1
768	6	1
768	7	0
768	8	1
768	9	1
768	10	0
768	11	1
770	0	0
770	1	0
770	2	1
770	3	0
770	4	0
770	5	0
770	6	1
770	7	0
770	8	1
770	9	1
770	10	0
770	11	1
772	0	0
772	1	0
772	2	0
772	3	0
772	4	0
772	5	0
772	6	0
772	7	0
772	8	0
772	9	0
772	10	0
772	11	0
774	0	1
774	1	0
774	2	1
774	3	1
774	4	1
774	5	1
774	6	1
774	7	0
774	8	1
774	9	0
774	10	1
774	11	1
776	0	1
776	1	0
776	2	1
776	3	1
776	4	1
776	5	1
776	6	1
776	7	0
776	8	1
776	9	1
776	10	1
776	11	1
778	0	1
778	1	0
778	2	1
778	3	0
778	4	0
778	5	0
778	6	0
778	7	0
778	8	1
778	9	1
778	10	0
778	11	0
780	0	1
780	1	0
780	2	1
780	3	1
780	4	1
780	5	1
780	6	1
780	7	1
780	8	1
780	9	0
780	10	1
780	11	1
782	0	1
782	1	1
782	2	1
782	3	1
782	4	1
782	5	1
782	6	1
782	7	0
782	8	1
782	9	0
782	10	1
782	11	1
784	0	1
784	1	1
784	2	1
784	3	1
784	4	0
784	5	0
784	6	0
784	7	0
784	8	1
784	9	0
784	10	0
784	11	0
786	0	1
786	1	1
786	2	1
786	3	1
786	4	1
786	5	1
786	6	1
786	7	1
786	8	1
786	9	0
786	10	1
786	11	1
788	0	1
788	1	1
788	2	1
788	3	1
788	4	1
788	5	1
788	6	1
788	7	1
788	8	1
788	9	0
788	10	1
788	11	1
790	0	1
790	1	1
790	2	1
790	3	0
790	4	0
790	5	0
790	6	0
790	7	0
790	8	0
790	9	0
790	10	0
790	11	1
792	0	1
792	1	0
792	2	1
792	3	0
792	4	1
792	5	1
792	6	1
792	7	0
792	8	1
792	9	0
792	10	1
792	11	1
794	0	1
794	1	0
794	2	1
794	3	1
794	4	1
794	5	1
794	6	1
794	7	1
794	8	1
794	9	1
794	10	1
794	11	1
796	0	0
796	1	0
796	2	1
796	3	1
796	4	0
796	5	0
796	6	0
796	7	0
796	8	1
796	9	0
796	10	0
796	11	0
798	0	1
798	1	0
798	2	1
798	3	1
798	4	1
798	5	1
798	6	1
798	7	1
798	8	1
798	9	1
798	10	1
798	11	1
800	0	1
800	1	0
800	2	1
800	3	1
800	4	1
800	5	1
800	6	1
800	7	0
800	8	1
800	9	1
800	10	1
800	11	1
802	0	0
802	1	0
802	2	1
802	3	1
802	4	0
802	5	0
802	6	0
802	7	0
802	8	0
802	9	1
802	10	0
802	11	0
804	0	0
804	1	0
804	2	1
804	3	0
804	4	0
804	5	0
804	6	0
804	7	0
804	8	0
804	9	0
804	10	0
804	11	0
806	0	0
806	1	0
806	2	1
806	3	0
806	4	0
806	5	0
806	6	0
806	7	0
806	8	0
806	9	0
806	10	0
806	11	0
808	0	0
808	1	0
808	2	0
808	3	0
808	4	0
808	5	0
808	6	0
808	7	0
808	8	0
808	9	0
808	10	0
808	11	0
810	0	0
810	1	0
810	2	0
810	3	0
810	4	0
810	5	0
810	6	0
810	7	0
810	8	0
810	9	0
810	10	0
810	11	0
812	0	1
812	1	1
812	2	1
812	3	1
812	4	1
812	5	1
812	6	1
812	7	1
812	8	1
812	9	1
812	10	1
812	11	0
814	0	0
814	1	0
814	2	1
814	3	1
814	4	0
814	5	1
814	6	0
814	7	1
814	8	1
814	9	1
814	10	0
814	11	0
816	0	0
816	1	0
816	2	0
816	3	1
816	4	0
816	5	0
816	6	0
816	7	0
816	8	1
816	9	0
816	10	0
816	11	0
818	0	1
818	1	1
818	2	1
818	3	1
818	4	1
818	5	1
818	6	1
818	7	1
818	8	1
818	9	1
818	10	1
818	11	1
820	0	0
820	1	0
820	2	0
820	3	1
820	4	0
820	5	1
820	6	1
820	7	1
820	8	0
820	9	1
820	10	0
820	11	0
822	0	1
822	1	1
822	2	1
822	3	1
822	4	1
822	5	1
822	6	1
822	7	1
822	8	1
822	9	1
822	10	1
822	11	0
824	0	1
824	1	1
824	2	1
824	3	1
824	4	1
824	5	1
824	6	1
824	7	1
824	8	1
824	9	1
824	10	1
824	11	0
826	0	0
826	1	0
826	2	0
826	3	1
826	4	0
826	5	1
826	6	1
826	7	1
826	8	1
826	9	1
826	10	0
826	11	0
828	0	1
828	1	1
828	2	1
828	3	1
828	4	1
828	5	1
828	6	1
828	7	1
828	8	1
828	9	1
828	10	1
828	11	1
830	0	1
830	1	1
830	2	1
830	3	1
830	4	1
830	5	1
830	6	1
830	7	1
830	8	1
830	9	1
830	10	1
830	11	1
832	0	1
832	1	0
832	2	0
832	3	1
832	4	0
832	5	1
832	6	1
832	7	1
832	8	0
832	9	0
832	10	0
832	11	0
834	0	1
834	1	0
834	2	1
834	3	1
834	4	1
834	5	1
834	6	0
834	7	1
834	8	1
834	9	1
834	10	1
834	11	1
836	0	1
836	1	1
836	2	1
836	3	1
836	4	1
836	5	1
836	6	1
836	7	1
836	8	1
836	9	1
836	10	1
836	11	1
838	0	1
838	1	0
838	2	0
838	3	1
838	4	0
838	5	1
838	6	1
838	7	0
838	8	1
838	9	0
838	10	0
838	11	0
840	0	1
840	1	1
840	2	1
840	3	1
840	4	1
840	5	1
840	6	1
840	7	0
840	8	1
840	9	1
840	10	1
840	11	1
842	0	1
842	1	1
842	2	1
842	3	1
842	4	1
842	5	1
842	6	1
842	7	0
842	8	1
842	9	1
842	10	1
842	11	1
844	0	1
844	1	0
844	2	0
844	3	0
844	4	0
844	5	1
844	6	1
844	7	0
844	8	0
844	9	0
844	10	0
844	11	0
846	0	1
846	1	0
846	2	0
846	3	0
846	4	0
846	5	1
846	6	1
846	7	0
846	8	0
846	9	0
846	10	0
846	11	0
848	0	0
848	1	0
848	2	0
848	3	0
848	4	0
848	5	0
848	6	1
848	7	0
848	8	0
848	9	0
848	10	0
848	11	0
850	0	1
850	1	1
850	2	1
850	3	1
850	4	1
850	5	1
850	6	1
850	7	0
850	8	1
850	9	1
850	10	1
850	11	1
852	0	1
852	1	1
852	2	1
852	3	1
852	4	1
852	5	1
852	6	1
852	7	0
852	8	1
852	9	1
852	10	1
852	11	1
854	0	1
854	1	1
854	2	1
854	3	1
854	4	1
854	5	1
854	6	1
854	7	0
854	8	1
854	9	1
854	10	1
854	11	1
856	0	1
856	1	1
856	2	1
856	3	1
856	4	1
856	5	1
856	6	1
856	7	1
856	8	1
856	9	1
856	10	1
856	11	1
858	0	1
858	1	1
858	2	1
858	3	1
858	4	1
858	5	1
858	6	1
858	7	0
858	8	1
858	9	1
858	10	1
858	11	1
860	0	1
860	1	0
860	2	1
860	3	0
860	4	0
860	5	1
860	6	1
860	7	0
860	8	0
860	9	0
860	10	0
860	11	0
862	0	1
862	1	0
862	2	0
862	3	0
862	4	0
862	5	0
862	6	0
862	7	0
862	8	0
862	9	0
862	10	0
862	11	0
864	0	1
864	1	1
864	2	1
864	3	1
864	4	1
864	5	1
864	6	1
864	7	1
864	8	1
864	9	1
864	10	1
864	11	0
866	0	1
866	1	1
866	2	1
866	3	1
866	4	1
866	5	1
866	6	1
866	7	1
866	8	1
866	9	1
866	10	1
866	11	0
868	0	1
868	1	0
868	2	1
868	3	0
868	4	0
868	5	0
868	6	0
868	7	0
868	8	0
868	9	0
868	10	0
868	11	0
870	0	0
870	1	0
870	2	0
870	3	0
870	4	0
870	5	0
870	6	0
870	7	0
870	8	0
870	9	0
870	10	0
870	11	0
872	0	1
872	1	0
872	2	1
872	3	1
872	4	1
872	5	1
872	6	1
872	7	1
872	8	1
872	9	1
872	10	1
872	11	1
874	0	1
874	1	0
874	2	1
874	3	0
874	4	0
874	5	0
874	6	0
874	7	0
874	8	1
874	9	1
874	10	0
874	11	1
876	0	1
876	1	1
876	2	0
876	3	1
876	4	1
876	5	1
876	6	1
876	7	1
876	8	1
876	9	1
876	10	1
876	11	1
878	0	1
878	1	1
878	2	1
878	3	1
878	4	1
878	5	1
878	6	1
878	7	1
878	8	1
878	9	1
878	10	1
878	11	1
880	0	1
880	1	1
880	2	1
880	3	0
880	4	0
880	5	1
880	6	1
880	7	0
880	8	1
880	9	1
880	10	0
880	11	0
882	0	1
882	1	1
882	2	1
882	3	1
882	4	1
882	5	0
882	6	1
882	7	1
882	8	1
882	9	1
882	10	1
882	11	0
884	0	1
884	1	1
884	2	1
884	3	1
884	4	1
884	5	1
884	6	1
884	7	1
884	8	1
884	9	1
884	10	1
884	11	1
886	0	1
886	1	0
886	2	1
886	3	0
886	4	0
886	5	1
886	6	0
886	7	0
886	8	1
886	9	1
886	10	0
886	11	1
888	0	1
888	1	0
888	2	1
888	3	1
888	4	1
888	5	1
888	6	1
888	7	1
888	8	0
888	9	1
888	10	1
888	11	1
890	0	1
890	1	0
890	2	1
890	3	1
890	4	1
890	5	1
890	6	1
890	7	1
890	8	0
890	9	1
890	10	1
890	11	1
892	0	1
892	1	0
892	2	1
892	3	1
892	4	1
892	5	1
892	6	1
892	7	1
892	8	1
892	9	1
892	10	1
892	11	1
894	0	1
894	1	0
894	2	0
894	3	1
894	4	1
894	5	1
894	6	1
894	7	1
894	8	1
894	9	1
894	10	1
894	11	0
896	0	1
896	1	0
896	2	1
896	3	1
896	4	1
896	5	1
896	6	1
896	7	1
896	8	1
896	9	1
896	10	1
896	11	1
898	0	1
898	1	0
898	2	1
898	3	1
898	4	0
898	5	1
898	6	1
898	7	0
898	8	0
898	9	1
898	10	1
898	11	1
900	0	1
900	1	1
900	2	1
900	3	0
900	4	1
900	5	1
900	6	1
900	7	1
900	8	1
900	9	0
900	10	1
900	11	1
902	0	1
902	1	0
902	2	1
902	3	1
902	4	1
902	5	1
902	6	1
902	7	1
902	8	1
902	9	1
902	10	1
902	11	1
904	0	1
904	1	0
904	2	1
904	3	1
904	4	0
904	5	0
904	6	1
904	7	0
904	8	0
904	9	1
904	10	0
904	11	1
906	0	1
906	1	0
906	2	0
906	3	0
906	4	0
906	5	0
906	6	0
906	7	0
906	8	0
906	9	1
906	10	0
906	11	1
908	0	1
908	1	0
908	2	1
908	3	1
908	4	1
908	5	1
908	6	1
908	7	1
908	8	1
908	9	1
908	10	1
908	11	1
910	0	1
910	1	1
910	2	1
910	3	1
910	4	1
910	5	1
910	6	1
910	7	1
910	8	1
910	9	1
910	10	1
910	11	1
912	0	1
912	1	1
912	2	0
912	3	1
912	4	1
912	5	0
912	6	0
912	7	1
912	8	1
912	9	1
912	10	1
912	11	1
914	0	1
914	1	0
914	2	1
914	3	1
914	4	1
914	5	1
914	6	1
914	7	1
914	8	1
914	9	1
914	10	1
914	11	1
916	0	1
916	1	1
916	2	1
916	3	1
916	4	1
916	5	1
916	6	1
916	7	1
916	8	1
916	9	1
916	10	1
916	11	1
918	0	1
918	1	0
918	2	0
918	3	0
918	4	0
918	5	1
918	6	0
918	7	1
918	8	1
918	9	0
918	10	1
918	11	0
920	0	1
920	1	0
920	2	1
920	3	1
920	4	1
920	5	1
920	6	1
920	7	0
920	8	1
920	9	1
920	10	1
920	11	1
922	0	1
922	1	0
922	2	1
922	3	1
922	4	0
922	5	1
922	6	0
922	7	0
922	8	1
922	9	1
922	10	1
922	11	1
924	0	1
924	1	0
924	2	0
924	3	0
924	4	0
924	5	0
924	6	0
924	7	0
924	8	1
924	9	1
924	10	1
924	11	1
926	0	1
926	1	0
926	2	1
926	3	1
926	4	1
926	5	1
926	6	1
926	7	1
926	8	1
926	9	1
926	10	1
926	11	1
928	0	1
928	1	0
928	2	1
928	3	1
928	4	0
928	5	1
928	6	1
928	7	0
928	8	1
928	9	1
928	10	1
928	11	1
930	0	1
930	1	0
930	2	1
930	3	0
930	4	1
930	5	1
930	6	1
930	7	0
930	8	1
930	9	1
930	10	1
930	11	1
932	0	1
932	1	0
932	2	1
932	3	1
932	4	1
932	5	1
932	6	1
932	7	0
932	8	1
932	9	1
932	10	1
932	11	1
934	0	1
934	1	0
934	2	0
934	3	1
934	4	0
934	5	1
934	6	1
934	7	0
934	8	1
934	9	1
934	10	1
934	11	0
936	0	1
936	1	0
936	2	1
936	3	0
936	4	1
936	5	1
936	6	0
936	7	1
936	8	1
936	9	1
936	10	1
936	11	0
938	0	1
938	1	0
938	2	1
938	3	0
938	4	1
938	5	1
938	6	1
938	7	1
938	8	1
938	9	1
938	10	1
938	11	1
940	0	1
940	1	0
940	2	1
940	3	0
940	4	0
940	5	1
940	6	1
940	7	1
940	8	1
940	9	1
940	10	1
940	11	1
942	0	1
942	1	1
942	2	1
942	3	1
942	4	1
942	5	1
942	6	1
942	7	1
942	8	1
942	9	0
942	10	1
942	11	1
944	0	1
944	1	1
944	2	1
944	3	1
944	4	1
944	5	1
944	6	1
944	7	1
944	8	1
944	9	1
944	10	1
944	11	1
946	0	1
946	1	1
946	2	1
946	3	1
946	4	0
946	5	1
946	6	1
946	7	1
946	8	1
946	9	1
946	10	1
946	11	1
948	0	1
948	1	1
948	2	1
948	3	0
948	4	1
948	5	1
948	6	1
948	7	1
948	8	1
948	9	1
948	10	1
948	11	1
950	0	1
950	1	1
950	2	1
950	3	0
950	4	1
950	5	1
950	6	1
950	7	0
950	8	1
950	9	1
950	10	1
950	11	1
952	0	1
952	1	1
952	2	1
952	3	0
952	4	1
952	5	1
952	6	1
952	7	0
952	8	1
952	9	1
952	10	1
952	11	1
954	0	1
954	1	1
954	2	1
954	3	0
954	4	1
954	5	1
954	6	1
954	7	0
954	8	1
954	9	1
954	10	1
954	11	1
956	0	1
956	1	1
956	2	1
956	3	0
956	4	1
956	5	1
956	6	1
956	7	0
956	8	1
956	9	1
956	10	1
956	11	1
958	0	1
958	1	1
958	2	1
958	3	0
958	4	1
958	5	1
958	6	1
958	7	0
958	8	1
958	9	1
958	10	1
958	11	1
960	0	1
960	1	1
960	2	1
960	3	0
960	4	1
960	5	1
960	6	1
960	7	0
960	8	1
960	9	1
960	10	1
960	11	1
962	0	1
962	1	0
962	2	1
962	3	1
962	4	1
962	5	1
962	6	1
962	7	0
962	8	1
962	9	1
962	10	1
962	11	1
964	0	1
964	1	0
964	2	1
964	3	1
964	4	1
964	5	1
964	6	1
964	7	0
964	8	1
964	9	1
964	10	1
964	11	1
966	0	1
966	1	0
966	2	1
966	3	1
966	4	1
966	5	1
966	6	1
966	7	1
966	8	1
966	9	1
966	10	1
966	11	1
968	0	1
968	1	1
968	2	1
968	3	1
968	4	1
968	5	1
968	6	1
968	7	1
968	8	1
968	9	1
968	10	1
968	11	1
970	0	1
970	1	1
970	2	1
970	3	1
970	4	1
970	5	1
970	6	1
970	7	1
970	8	1
970	9	1
970	10	1
970	11	1
972	0	1
972	1	0
972	2	1
972	3	1
972	4	0
972	5	1
972	6	1
972	7	1
972	8	1
972	9	1
972	10	1
972	11	0
974	0	1
974	1	1
974	2	1
974	3	1
974	4	1
974	5	1
974	6	0
974	7	1
974	8	1
974	9	1
974	10	1
974	11	1
976	0	1
976	1	1
976	2	1
976	3	1
976	4	1
976	5	1
976	6	0
976	7	0
976	8	1
976	9	1
976	10	1
976	11	1
978	0	1
978	1	1
978	2	1
978	3	1
978	4	1
978	5	1
978	6	0
978	7	0
978	8	1
978	9	1
978	10	1
978	11	1
980	0	1
980	1	1
980	2	1
980	3	0
980	4	1
980	5	1
980	6	0
980	7	0
980	8	1
980	9	1
980	10	1
980	11	1
982	0	1
982	1	1
982	2	1
982	3	0
982	4	1
982	5	1
982	6	1
982	7	0
982	8	1
982	9	1
982	10	1
982	11	1
984	0	0
984	1	1
984	2	1
984	3	0
984	4	1
984	5	1
984	6	1
984	7	0
984	8	1
984	9	1
984	10	1
984	11	1
986	0	1
986	1	1
986	2	1
986	3	0
986	4	1
986	5	1
986	6	1
986	7	0
986	8	1
986	9	1
986	10	1
986	11	1
988	0	1
988	1	1
988	2	1
988	3	0
988	4	1
988	5	1
988	6	1
988	7	0
988	8	1
988	9	1
988	10	1
988	11	1
990	0	1
990	1	1
990	2	1
990	3	0
990	4	1
990	5	1
990	6	1
990	7	0
990	8	1
990	9	1
990	10	1
990	11	1
992	0	1
992	1	1
992	2	1
992	3	0
992	4	1
992	5	1
992	6	1
992	7	0
992	8	1
992	9	1
992	10	1
992	11	1
994	0	1
994	1	0
994	2	1
994	3	0
994	4	1
994	5	1
994	6	1
994	7	0
994	8	1
994	9	1
994	10	1
994	11	1
996	0	1
996	1	0
996	2	1
996	3	0
996	4	1
996	5	1
996	6	1
996	7	0
996	8	1
996	9	1
996	10	1
996	11	1
998	0	1
998	1	0
998	2	1
998	3	1
998	4	1
998	5	1
998	6	1
998	7	0
998	8	1
998	9	1
998	10	1
998	11	1
1000	0	1
1000	1	0
1000	2	1
1000	3	1
1000	4	1
1000	5	1
1000	6	1
1000	7	0
1000	8	1
1000	9	1
1000	10	1
1000	11	1
1002	0	1
1002	1	0
1002	2	1
1002	3	1
1002	4	1
1002	5	1
1002	6	1
1002	7	0
1002	8	1
1002	9	1
1002	10	1
1002	11	1
1004	0	1
1004	1	0
1004	2	1
1004	3	1
1004	4	1
1004	5	1
1004	6	1
1004	7	0
1004	8	1
1004	9	1
1004	10	1
1004	11	1
1006	0	1
1006	1	0
1006	2	1
1006	3	1
1006	4	1
1006	5	1
1006	6	1
1006	7	0
1006	8	1
1006	9	1
1006	10	1
1006	11	1
1008	0	1
1008	1	0
1008	2	1
1008	3	1
1008	4	1
1008	5	1
1008	6	1
1008	7	0
1008	8	1
1008	9	1
1008	10	1
1008	11	1
1010	0	1
1010	1	0
1010	2	1
1010	3	1
1010	4	1
1010	5	1
1010	6	1
1010	7	0
1010	8	1
1010	9	1
1010	10	1
1010	11	1
1012	0	1
1012	1	0
1012	2	1
1012	3	1
1012	4	1
1012	5	1
1012	6	1
1012	7	0
1012	8	1
1012	9	1
1012	10	1
1012	11	1
1014	0	1
1014	1	0
1014	2	1
1014	3	0
1014	4	0
1014	5	1
1014	6	1
1014	7	0
1014	8	1
1014	9	1
1014	10	1
1014	11	1
1016	0	1
1016	1	1
1016	2	1
1016	3	0
1016	4	1
1016	5	1
1016	6	1
1016	7	0
1016	8	1
1016	9	1
1016	10	1
1016	11	1
1018	0	1
1018	1	1
1018	2	1
1018	3	0
1018	4	1
1018	5	1
1018	6	1
1018	7	0
1018	8	1
1018	9	1
1018	10	1
1018	11	1
1020	0	1
1020	1	1
1020	2	1
1020	3	0
1020	4	1
1020	5	1
1020	6	1
1020	7	0
1020	8	1
1020	9	1
1020	10	1
1020	11	1
1022	0	1
1022	1	1
1022	2	1
1022	3	0
1022	4	1
1022	5	1
1022	6	1
1022	7	0
1022	8	1
1022	9	1
1022	10	1
1022	11	0
1024	0	1
1024	1	1
1024	2	1
1024	3	1
1024	4	1
1024	5	1
1024	6	1
1024	7	0
1024	8	1
1024	9	1
1024	10	1
1024	11	0
1026	0	1
1026	1	0
1026	2	1
1026	3	1
1026	4	1
1026	5	1
1026	6	1
1026	7	0
1026	8	1
1026	9	1
1026	10	1
1026	11	0
1028	0	1
1028	1	0
1028	2	1
1028	3	1
1028	4	1
1028	5	1
1028	6	1
1028	7	0
1028	8	1
1028	9	1
1028	10	1
1028	11	1
1030	0	1
1030	1	1
1030	2	1
1030	3	1
1030	4	1
1030	5	1
1030	6	1
1030	7	0
1030	8	1
1030	9	1
1030	10	1
1030	11	1
1032	0	1
1032	1	1
1032	2	1
1032	3	1
1032	4	1
1032	5	1
1032	6	1
1032	7	0
1032	8	1
1032	9	1
1032	10	1
1032	11	1
1034	0	1
1034	1	1
1034	2	1
1034	3	1
1034	4	0
1034	5	1
1034	6	1
1034	7	0
1034	8	1
1034	9	1
1034	10	1
1034	11	1
1036	0	1
1036	1	1
1036	2	1
1036	3	0
1036	4	1
1036	5	1
1036	6	0
1036	7	1
1036	8	1
1036	9	1
1036	10	1
1036	11	1
1038	0	1
1038	1	1
1038	2	1
1038	3	0
1038	4	1
1038	5	1
1038	6	1
1038	7	1
1038	8	1
1038	9	1
1038	10	1
1038	11	1
1040	0	1
1040	1	0
1040	2	1
1040	3	0
1040	4	1
1040	5	1
1040	6	1
1040	7	1
1040	8	1
1040	9	1
1040	10	1
1040	11	1
1042	0	1
1042	1	1
1042	2	1
1042	3	1
1042	4	1
1042	5	1
1042	6	1
1042	7	1
1042	8	1
1042	9	1
1042	10	0
1042	11	1
1044	0	1
1044	1	1
1044	2	1
1044	3	1
1044	4	1
1044	5	1
1044	6	1
1044	7	1
1044	8	1
1044	9	1
1044	10	1
1044	11	1
1046	0	1
1046	1	1
1046	2	1
1046	3	1
1046	4	1
1046	5	1
1046	6	1
1046	7	0
1046	8	1
1046	9	1
1046	10	1
1046	11	1
1048	0	1
1048	1	1
1048	2	1
1048	3	1
1048	4	1
1048	5	1
1048	6	1
1048	7	0
1048	8	1
1048	9	1
1048	10	1
1048	11	1
1050	0	1
1050	1	1
1050	2	1
1050	3	1
1050	4	1
1050	5	1
1050	6	1
1050	7	0
1050	8	1
1050	9	1
1050	10	1
1050	11	1
1052	0	1
1052	1	0
1052	2	1
1052	3	1
1052	4	1
1052	5	1
1052	6	1
1052	7	0
1052	8	1
1052	9	1
1052	10	1
1052	11	1
1054	0	1
1054	1	0
1054	2	1
1054	3	1
1054	4	1
1054	5	1
1054	6	1
1054	7	0
1054	8	1
1054	9	1
1054	10	1
1054	11	1
1056	0	1
1056	1	0
1056	2	1
1056	3	1
1056	4	1
1056	5	1
1056	6	1
1056	7	0
1056	8	1
1056	9	1
1056	10	1
1056	11	1
1058	0	1
1058	1	0
1058	2	1
1058	3	1
1058	4	1
1058	5	1
1058	6	1
1058	7	0
1058	8	1
1058	9	1
1058	10	1
1058	11	1
1060	0	1
1060	1	0
1060	2	1
1060	3	0
1060	4	1
1060	5	0
1060	6	1
1060	7	0
1060	8	1
1060	9	1
1060	10	1
1060	11	1
1062	0	1
1062	1	0
1062	2	1
1062	3	0
1062	4	1
1062	5	1
1062	6	1
1062	7	0
1062	8	1
1062	9	1
1062	10	1
1062	11	1
1064	0	1
1064	1	0
1064	2	1
1064	3	1
1064	4	1
1064	5	1
1064	6	1
1064	7	0
1064	8	1
1064	9	1
1064	10	1
1064	11	1
1066	0	1
1066	1	0
1066	2	1
1066	3	1
1066	4	0
1066	5	1
1066	6	1
1066	7	0
1066	8	1
1066	9	1
1066	10	1
1066	11	0
1068	0	1
1068	1	0
1068	2	1
1068	3	1
1068	4	1
1068	5	1
1068	6	0
1068	7	0
1068	8	1
1068	9	1
1068	10	1
1068	11	1
1070	0	1
1070	1	0
1070	2	1
1070	3	1
1070	4	1
1070	5	1
1070	6	1
1070	7	0
1070	8	1
1070	9	1
1070	10	1
1070	11	1
1072	0	1
1072	1	0
1072	2	1
1072	3	0
1072	4	1
1072	5	1
1072	6	1
1072	7	0
1072	8	1
1072	9	1
1072	10	1
1072	11	0
1074	0	1
1074	1	0
1074	2	1
1074	3	1
1074	4	1
1074	5	1
1074	6	1
1074	7	0
1074	8	1
1074	9	1
1074	10	1
1074	11	0
1076	0	1
1076	1	0
1076	2	1
1076	3	1
1076	4	1
1076	5	1
1076	6	1
1076	7	0
1076	8	1
1076	9	1
1076	10	1
1076	11	1
1078	0	1
1078	1	0
1078	2	1
1078	3	1
1078	4	1
1078	5	1
1078	6	1
1078	7	1
1078	8	1
1078	9	1
1078	10	1
1078	11	1
1080	0	1
1080	1	0
1080	2	1
1080	3	1
1080	4	1
1080	5	1
1080	6	1
1080	7	1
1080	8	1
1080	9	1
1080	10	1
1080	11	1
1082	0	1
1082	1	0
1082	2	1
1082	3	1
1082	4	1
1082	5	1
1082	6	1
1082	7	1
1082	8	1
1082	9	1
1082	10	1
1082	11	1
1084	0	1
1084	1	0
1084	2	1
1084	3	1
1084	4	1
1084	5	1
1084	6	1
1084	7	1
1084	8	1
1084	9	1
1084	10	1
1084	11	1
1086	0	1
1086	1	0
1086	2	1
1086	3	1
1086	4	1
1086	5	1
1086	6	1
1086	7	0
1086	8	1
1086	9	1
1086	10	1
1086	11	1
1088	0	1
1088	1	0
1088	2	1
1088	3	1
1088	4	1
1088	5	1
1088	6	1
1088	7	1
1088	8	1
1088	9	1
1088	10	1
1088	11	1
1090	0	1
1090	1	1
1090	2	1
1090	3	1
1090	4	1
1090	5	1
1090	6	1
1090	7	1
1090	8	1
1090	9	1
1090	10	1
1090	11	1
1092	0	1
1092	1	1
1092	2	1
1092	3	1
1092	4	1
1092	5	1
1092	6	1
1092	7	1
1092	8	1
1092	9	1
1092	10	1
1092	11	1
1094	0	1
1094	1	1
1094	2	1
1094	3	1
1094	4	1
1094	5	1
1094	6	1
1094	7	1
1094	8	1
1094	9	1
1094	10	1
1094	11	1
1096	0	1
1096	1	1
1096	2	1
1096	3	1
1096	4	0
1096	5	1
1096	6	1
1096	7	1
1096	8	1
1096	9	1
1096	10	0
1096	11	1
1098	0	1
1098	1	1
1098	2	1
1098	3	1
1098	4	1
1098	5	1
1098	6	1
1098	7	1
1098	8	1
1098	9	1
1098	10	1
1098	11	1
1100	0	1
1100	1	0
1100	2	1
1100	3	1
1100	4	1
1100	5	1
1100	6	1
1100	7	1
1100	8	1
1100	9	1
1100	10	1
1100	11	1
1102	0	1
1102	1	0
1102	2	1
1102	3	1
1102	4	1
1102	5	1
1102	6	1
1102	7	1
1102	8	1
1102	9	1
1102	10	1
1102	11	1
1104	0	1
1104	1	0
1104	2	1
1104	3	1
1104	4	1
1104	5	1
1104	6	1
1104	7	1
1104	8	1
1104	9	1
1104	10	1
1104	11	1
1106	0	1
1106	1	0
1106	2	1
1106	3	0
1106	4	0
1106	5	1
1106	6	0
1106	7	1
1106	8	1
1106	9	1
1106	10	0
1106	11	1
1108	0	1
1108	1	0
1108	2	1
1108	3	0
1108	4	1
1108	5	1
1108	6	1
1108	7	0
1108	8	1
1108	9	1
1108	10	1
1108	11	1
1110	0	1
1110	1	1
1110	2	1
1110	3	1
1110	4	1
1110	5	1
1110	6	1
1110	7	0
1110	8	1
1110	9	0
1110	10	1
1110	11	1
1112	0	1
1112	1	0
1112	2	1
1112	3	1
1112	4	1
1112	5	1
1112	6	1
1112	7	0
1112	8	1
1112	9	1
1112	10	1
1112	11	1
1114	0	1
1114	1	0
1114	2	1
1114	3	1
1114	4	1
1114	5	1
1114	6	1
1114	7	0
1114	8	1
1114	9	1
1114	10	1
1114	11	1
1116	0	1
1116	1	0
1116	2	1
1116	3	1
1116	4	0
1116	5	1
1116	6	1
1116	7	0
1116	8	1
1116	9	1
1116	10	0
1116	11	1
1118	0	1
1118	1	1
1118	2	1
1118	3	0
1118	4	1
1118	5	1
1118	6	1
1118	7	0
1118	8	1
1118	9	1
1118	10	1
1118	11	1
1120	0	1
1120	1	1
1120	2	1
1120	3	1
1120	4	1
1120	5	1
1120	6	1
1120	7	0
1120	8	1
1120	9	1
1120	10	1
1120	11	1
1122	0	1
1122	1	1
1122	2	1
1122	3	1
1122	4	1
1122	5	1
1122	6	1
1122	7	0
1122	8	1
1122	9	1
1122	10	1
1122	11	1
1124	0	1
1124	1	0
1124	2	1
1124	3	1
1124	4	1
1124	5	1
1124	6	1
1124	7	0
1124	8	1
1124	9	1
1124	10	1
1124	11	1
1126	0	1
1126	1	1
1126	2	1
1126	3	1
1126	4	1
1126	5	0
1126	6	1
1126	7	0
1126	8	1
1126	9	1
1126	10	1
1126	11	1
1128	0	1
1128	1	1
1128	2	1
1128	3	1
1128	4	1
1128	5	0
1128	6	1
1128	7	0
1128	8	1
1128	9	1
1128	10	1
1128	11	1
1130	0	1
1130	1	1
1130	2	1
1130	3	1
1130	4	1
1130	5	0
1130	6	1
1130	7	0
1130	8	1
1130	9	1
1130	10	1
1130	11	0
1132	0	1
1132	1	0
1132	2	1
1132	3	1
1132	4	1
1132	5	0
1132	6	1
1132	7	0
1132	8	1
1132	9	0
1132	10	1
1132	11	0
1134	0	1
1134	1	0
1134	2	1
1134	3	1
1134	4	1
1134	5	1
1134	6	1
1134	7	0
1134	8	1
1134	9	0
1134	10	1
1134	11	0
1136	0	1
1136	1	0
1136	2	1
1136	3	1
1136	4	1
1136	5	1
1136	6	1
1136	7	0
1136	8	1
1136	9	1
1136	10	1
1136	11	1
1138	0	1
1138	1	0
1138	2	1
1138	3	0
1138	4	0
1138	5	1
1138	6	1
1138	7	0
1138	8	1
1138	9	1
1138	10	0
1138	11	1
1140	0	1
1140	1	1
1140	2	1
1140	3	1
1140	4	1
1140	5	1
1140	6	0
1140	7	0
1140	8	1
1140	9	1
1140	10	1
1140	11	1
1142	0	1
1142	1	1
1142	2	1
1142	3	1
1142	4	1
1142	5	1
1142	6	1
1142	7	0
1142	8	1
1142	9	1
1142	10	1
1142	11	1
1144	0	1
1144	1	1
1144	2	1
1144	3	0
1144	4	0
1144	5	1
1144	6	1
1144	7	0
1144	8	1
1144	9	1
1144	10	1
1144	11	1
1146	0	1
1146	1	1
1146	2	0
1146	3	0
1146	4	0
1146	5	0
1146	6	0
1146	7	0
1146	8	0
1146	9	1
1146	10	0
1146	11	1
1148	0	1
1148	1	1
1148	2	1
1148	3	1
1148	4	1
1148	5	1
1148	6	1
1148	7	0
1148	8	1
1148	9	1
1148	10	1
1148	11	1
1150	0	1
1150	1	1
1150	2	0
1150	3	1
1150	4	0
1150	5	1
1150	6	1
1150	7	0
1150	8	1
1150	9	1
1150	10	1
1150	11	0
1152	0	1
1152	1	1
1152	2	1
1152	3	1
1152	4	1
1152	5	1
1152	6	0
1152	7	0
1152	8	1
1152	9	1
1152	10	1
1152	11	1
1154	0	1
1154	1	1
1154	2	1
1154	3	1
1154	4	1
1154	5	1
1154	6	1
1154	7	0
1154	8	1
1154	9	1
1154	10	1
1154	11	1
1156	0	0
1156	1	0
1156	2	0
1156	3	1
1156	4	0
1156	5	1
1156	6	0
1156	7	0
1156	8	1
1156	9	1
1156	10	0
1156	11	0
1158	0	1
1158	1	1
1158	2	0
1158	3	1
1158	4	1
1158	5	1
1158	6	1
1158	7	0
1158	8	1
1158	9	1
1158	10	1
1158	11	1
1160	0	1
1160	1	1
1160	2	1
1160	3	1
1160	4	1
1160	5	1
1160	6	1
1160	7	0
1160	8	1
1160	9	1
1160	10	1
1160	11	1
1162	0	0
1162	1	1
1162	2	1
1162	3	1
1162	4	0
1162	5	0
1162	6	1
1162	7	0
1162	8	1
1162	9	1
1162	10	0
1162	11	0
1164	0	1
1164	1	1
1164	2	0
1164	3	0
1164	4	1
1164	5	1
1164	6	1
1164	7	0
1164	8	1
1164	9	1
1164	10	1
1164	11	1
1166	0	1
1166	1	1
1166	2	1
1166	3	1
1166	4	1
1166	5	1
1166	6	1
1166	7	0
1166	8	1
1166	9	1
1166	10	1
1166	11	1
1168	0	1
1168	1	1
1168	2	1
1168	3	1
1168	4	0
1168	5	1
1168	6	0
1168	7	0
1168	8	1
1168	9	1
1168	10	0
1168	11	0
1170	0	1
1170	1	1
1170	2	1
1170	3	0
1170	4	1
1170	5	1
1170	6	1
1170	7	0
1170	8	1
1170	9	1
1170	10	1
1170	11	1
1172	0	1
1172	1	1
1172	2	1
1172	3	1
1172	4	1
1172	5	1
1172	6	1
1172	7	0
1172	8	1
1172	9	1
1172	10	1
1172	11	1
1174	0	1
1174	1	1
1174	2	1
1174	3	1
1174	4	0
1174	5	1
1174	6	0
1174	7	0
1174	8	1
1174	9	1
1174	10	0
1174	11	1
1176	0	1
1176	1	1
1176	2	1
1176	3	0
1176	4	1
1176	5	1
1176	6	1
1176	7	0
1176	8	1
1176	9	1
1176	10	1
1176	11	1
1178	0	1
1178	1	0
1178	2	1
1178	3	1
1178	4	1
1178	5	1
1178	6	1
1178	7	1
1178	8	1
1178	9	1
1178	10	1
1178	11	1
1180	0	1
1180	1	0
1180	2	1
1180	3	1
1180	4	1
1180	5	1
1180	6	1
1180	7	1
1180	8	1
1180	9	1
1180	10	0
1180	11	1
1182	0	1
1182	1	0
1182	2	1
1182	3	0
1182	4	0
1182	5	0
1182	6	0
1182	7	1
1182	8	0
1182	9	1
1182	10	0
1182	11	0
1184	0	1
1184	1	1
1184	2	1
1184	3	1
1184	4	1
1184	5	1
1184	6	1
1184	7	1
1184	8	1
1184	9	1
1184	10	1
1184	11	1
1186	0	1
1186	1	1
1186	2	1
1186	3	1
1186	4	1
1186	5	1
1186	6	1
1186	7	1
1186	8	1
1186	9	1
1186	10	1
1186	11	1
1188	0	1
1188	1	1
1188	2	1
1188	3	1
1188	4	1
1188	5	1
1188	6	1
1188	7	1
1188	8	1
1188	9	1
1188	10	1
1188	11	0
1190	0	1
1190	1	0
1190	2	1
1190	3	1
1190	4	1
1190	5	1
1190	6	1
1190	7	1
1190	8	1
1190	9	1
1190	10	1
1190	11	1
1192	0	0
1192	1	0
1192	2	0
1192	3	0
1192	4	0
1192	5	1
1192	6	1
1192	7	1
1192	8	1
1192	9	1
1192	10	0
1192	11	1
1194	0	1
1194	1	1
1194	2	1
1194	3	1
1194	4	1
1194	5	1
1194	6	1
1194	7	1
1194	8	1
1194	9	1
1194	10	1
1194	11	1
1196	0	1
1196	1	1
1196	2	1
1196	3	1
1196	4	1
1196	5	1
1196	6	1
1196	7	1
1196	8	1
1196	9	1
1196	10	1
1196	11	1
1198	0	1
1198	1	1
1198	2	0
1198	3	0
1198	4	0
1198	5	1
1198	6	1
1198	7	1
1198	8	1
1198	9	1
1198	10	0
1198	11	0
1200	0	0
1200	1	1
1200	2	0
1200	3	0
1200	4	0
1200	5	0
1200	6	0
1200	7	0
1200	8	1
1200	9	1
1200	10	0
1200	11	0
1202	0	1
1202	1	0
1202	2	1
1202	3	1
1202	4	1
1202	5	1
1202	6	1
1202	7	0
1202	8	1
1202	9	1
1202	10	1
1202	11	1
1204	0	1
1204	1	1
1204	2	1
1204	3	1
1204	4	1
1204	5	1
1204	6	1
1204	7	0
1204	8	1
1204	9	1
1204	10	1
1204	11	1
1206	0	1
1206	1	1
1206	2	1
1206	3	1
1206	4	1
1206	5	1
1206	6	1
1206	7	0
1206	8	1
1206	9	1
1206	10	1
1206	11	1
1208	0	1
1208	1	1
1208	2	1
1208	3	1
1208	4	1
1208	5	1
1208	6	1
1208	7	0
1208	8	1
1208	9	1
1208	10	1
1208	11	1
1210	0	1
1210	1	1
1210	2	1
1210	3	1
1210	4	1
1210	5	1
1210	6	1
1210	7	0
1210	8	1
1210	9	1
1210	10	1
1210	11	1
1212	0	1
1212	1	1
1212	2	1
1212	3	1
1212	4	1
1212	5	1
1212	6	1
1212	7	0
1212	8	1
1212	9	1
1212	10	1
1212	11	1
1214	0	1
1214	1	1
1214	2	1
1214	3	1
1214	4	1
1214	5	1
1214	6	1
1214	7	0
1214	8	1
1214	9	1
1214	10	1
1214	11	1
1216	0	1
1216	1	0
1216	2	0
1216	3	0
1216	4	0
1216	5	1
1216	6	1
1216	7	0
1216	8	1
1216	9	1
1216	10	0
1216	11	1
1218	0	1
1218	1	1
1218	2	1
1218	3	1
1218	4	1
1218	5	1
1218	6	1
1218	7	0
1218	8	1
1218	9	1
1218	10	1
1218	11	1
1220	0	1
1220	1	1
1220	2	1
1220	3	1
1220	4	1
1220	5	1
1220	6	1
1220	7	0
1220	8	1
1220	9	1
1220	10	1
1220	11	1
1222	0	1
1222	1	1
1222	2	0
1222	3	0
1222	4	0
1222	5	1
1222	6	1
1222	7	0
1222	8	1
1222	9	0
1222	10	0
1222	11	0
1224	0	1
1224	1	1
1224	2	0
1224	3	1
1224	4	1
1224	5	0
1224	6	1
1224	7	1
1224	8	1
1224	9	1
1224	10	1
1224	11	1
1226	0	1
1226	1	1
1226	2	0
1226	3	1
1226	4	1
1226	5	1
1226	6	1
1226	7	1
1226	8	1
1226	9	1
1226	10	1
1226	11	1
1228	0	1
1228	1	1
1228	2	0
1228	3	0
1228	4	0
1228	5	1
1228	6	1
1228	7	1
1228	8	1
1228	9	0
1228	10	0
1228	11	1
1230	0	1
1230	1	1
1230	2	0
1230	3	1
1230	4	1
1230	5	0
1230	6	0
1230	7	1
1230	8	1
1230	9	1
1230	10	1
1230	11	0
1232	0	1
1232	1	0
1232	2	0
1232	3	1
1232	4	1
1232	5	1
1232	6	1
1232	7	1
1232	8	1
1232	9	1
1232	10	1
1232	11	1
1234	0	1
1234	1	1
1234	2	0
1234	3	1
1234	4	1
1234	5	1
1234	6	1
1234	7	1
1234	8	1
1234	9	1
1234	10	1
1234	11	1
1236	0	1
1236	1	0
1236	2	0
1236	3	1
1236	4	1
1236	5	1
1236	6	1
1236	7	1
1236	8	1
1236	9	1
1236	10	1
1236	11	1
1238	0	1
1238	1	1
1238	2	0
1238	3	0
1238	4	1
1238	5	1
1238	6	1
1238	7	1
1238	8	1
1238	9	1
1238	10	1
1238	11	1
1240	0	1
1240	1	1
1240	2	0
1240	3	0
1240	4	0
1240	5	1
1240	6	1
1240	7	1
1240	8	1
1240	9	1
1240	10	0
1240	11	1
1242	0	1
1242	1	1
1242	2	0
1242	3	0
1242	4	0
1242	5	0
1242	6	0
1242	7	1
1242	8	1
1242	9	0
1242	10	0
1242	11	1
1244	0	1
1244	1	1
1244	2	0
1244	3	0
1244	4	0
1244	5	0
1244	6	0
1244	7	1
1244	8	1
1244	9	0
1244	10	0
1244	11	1
1246	0	0
1246	1	1
1246	2	0
1246	3	0
1246	4	0
1246	5	0
1246	6	0
1246	7	1
1246	8	1
1246	9	0
1246	10	0
1246	11	0
1248	0	1
1248	1	1
1248	2	1
1248	3	1
1248	4	1
1248	5	1
1248	6	1
1248	7	0
1248	8	1
1248	9	0
1248	10	1
1248	11	1
1250	0	1
1250	1	1
1250	2	1
1250	3	1
1250	4	1
1250	5	1
1250	6	1
1250	7	0
1250	8	0
1250	9	1
1250	10	1
1250	11	1
1252	0	1
1252	1	1
1252	2	1
1252	3	0
1252	4	0
1252	5	0
1252	6	0
1252	7	0
1252	8	0
1252	9	1
1252	10	0
1252	11	1
1254	0	1
1254	1	1
1254	2	1
1254	3	1
1254	4	1
1254	5	1
1254	6	1
1254	7	1
1254	8	1
1254	9	1
1254	10	1
1254	11	1
1256	0	1
1256	1	1
1256	2	1
1256	3	1
1256	4	1
1256	5	1
1256	6	1
1256	7	1
1256	8	1
1256	9	1
1256	10	1
1256	11	1
1258	0	0
1258	1	1
1258	2	1
1258	3	0
1258	4	0
1258	5	1
1258	6	0
1258	7	0
1258	8	1
1258	9	1
1258	10	0
1258	11	1
1260	0	1
1260	1	1
1260	2	1
1260	3	1
1260	4	1
1260	5	1
1260	6	1
1260	7	0
1260	8	1
1260	9	1
1260	10	1
1260	11	1
1262	0	1
1262	1	1
1262	2	1
1262	3	1
1262	4	1
1262	5	1
1262	6	1
1262	7	0
1262	8	1
1262	9	1
1262	10	1
1262	11	1
1264	0	1
1264	1	0
1264	2	1
1264	3	0
1264	4	0
1264	5	1
1264	6	0
1264	7	0
1264	8	1
1264	9	1
1264	10	0
1264	11	0
1266	0	1
1266	1	1
1266	2	1
1266	3	1
1266	4	1
1266	5	1
1266	6	1
1266	7	0
1266	8	1
1266	9	1
1266	10	1
1266	11	1
1268	0	1
1268	1	1
1268	2	1
1268	3	1
1268	4	1
1268	5	1
1268	6	1
1268	7	0
1268	8	1
1268	9	1
1268	10	1
1268	11	1
1270	0	0
1270	1	1
1270	2	1
1270	3	0
1270	4	0
1270	5	1
1270	6	0
1270	7	0
1270	8	1
1270	9	1
1270	10	1
1270	11	0
1272	0	1
1272	1	1
1272	2	1
1272	3	1
1272	4	1
1272	5	1
1272	6	1
1272	7	0
1272	8	1
1272	9	1
1272	10	1
1272	11	1
1274	0	1
1274	1	1
1274	2	1
1274	3	1
1274	4	1
1274	5	1
1274	6	1
1274	7	1
1274	8	1
1274	9	1
1274	10	1
1274	11	1
1276	0	0
1276	1	0
1276	2	1
1276	3	1
1276	4	0
1276	5	1
1276	6	1
1276	7	1
1276	8	1
1276	9	1
1276	10	0
1276	11	1
1278	0	0
1278	1	1
1278	2	1
1278	3	1
1278	4	1
1278	5	1
1278	6	0
1278	7	1
1278	8	1
1278	9	1
1278	10	1
1278	11	1
1280	0	1
1280	1	1
1280	2	1
1280	3	1
1280	4	1
1280	5	1
1280	6	1
1280	7	1
1280	8	1
1280	9	1
1280	10	1
1280	11	1
1282	0	1
1282	1	0
1282	2	0
1282	3	1
1282	4	0
1282	5	1
1282	6	1
1282	7	1
1282	8	1
1282	9	1
1282	10	0
1282	11	0
1284	0	1
1284	1	1
1284	2	1
1284	3	1
1284	4	1
1284	5	1
1284	6	1
1284	7	0
1284	8	1
1284	9	1
1284	10	1
1284	11	0
1286	0	1
1286	1	1
1286	2	1
1286	3	1
1286	4	1
1286	5	1
1286	6	1
1286	7	0
1286	8	1
1286	9	1
1286	10	1
1286	11	0
1288	0	1
1288	1	0
1288	2	1
1288	3	1
1288	4	0
1288	5	1
1288	6	1
1288	7	0
1288	8	1
1288	9	1
1288	10	0
1288	11	0
1290	0	1
1290	1	1
1290	2	1
1290	3	1
1290	4	1
1290	5	1
1290	6	1
1290	7	1
1290	8	1
1290	9	1
1290	10	1
1290	11	0
1292	0	1
1292	1	1
1292	2	1
1292	3	1
1292	4	1
1292	5	1
1292	6	1
1292	7	0
1292	8	1
1292	9	1
1292	10	1
1292	11	0
1294	0	0
1294	1	0
1294	2	0
1294	3	0
1294	4	0
1294	5	1
1294	6	1
1294	7	0
1294	8	1
1294	9	1
1294	10	0
1294	11	0
1296	0	1
1296	1	1
1296	2	1
1296	3	1
1296	4	1
1296	5	1
1296	6	1
1296	7	1
1296	8	1
1296	9	1
1296	10	1
1296	11	0
1298	0	1
1298	1	1
1298	2	1
1298	3	1
1298	4	1
1298	5	1
1298	6	1
1298	7	0
1298	8	1
1298	9	1
1298	10	1
1298	11	0
1300	0	0
1300	1	0
1300	2	0
1300	3	0
1300	4	0
1300	5	1
1300	6	0
1300	7	0
1300	8	1
1300	9	0
1300	10	0
1300	11	0
1302	0	1
1302	1	1
1302	2	1
1302	3	1
1302	4	1
1302	5	1
1302	6	1
1302	7	1
1302	8	1
1302	9	1
1302	10	1
1302	11	1
1304	0	1
1304	1	1
1304	2	1
1304	3	1
1304	4	1
1304	5	1
1304	6	1
1304	7	1
1304	8	1
1304	9	1
1304	10	1
1304	11	1
1306	0	1
1306	1	0
1306	2	0
1306	3	1
1306	4	0
1306	5	1
1306	6	0
1306	7	1
1306	8	1
1306	9	1
1306	10	1
1306	11	0
1308	0	1
1308	1	1
1308	2	1
1308	3	1
1308	4	1
1308	5	0
1308	6	0
1308	7	1
1308	8	0
1308	9	1
1308	10	1
1308	11	1
1310	0	1
1310	1	1
1310	2	1
1310	3	1
1310	4	1
1310	5	1
1310	6	1
1310	7	1
1310	8	1
1310	9	1
1310	10	1
1310	11	1
1312	0	0
1312	1	0
1312	2	0
1312	3	0
1312	4	0
1312	5	1
1312	6	1
1312	7	0
1312	8	1
1312	9	1
1312	10	0
1312	11	0
1314	0	1
1314	1	1
1314	2	1
1314	3	1
1314	4	1
1314	5	1
1314	6	0
1314	7	0
1314	8	1
1314	9	0
1314	10	1
1314	11	1
1316	0	1
1316	1	1
1316	2	1
1316	3	1
1316	4	1
1316	5	1
1316	6	1
1316	7	1
1316	8	1
1316	9	1
1316	10	1
1316	11	1
1318	0	1
1318	1	1
1318	2	0
1318	3	0
1318	4	0
1318	5	0
1318	6	1
1318	7	1
1318	8	1
1318	9	1
1318	10	0
1318	11	1
1320	0	0
1320	1	1
1320	2	1
1320	3	1
1320	4	1
1320	5	1
1320	6	0
1320	7	0
1320	8	1
1320	9	0
1320	10	1
1320	11	1
1322	0	1
1322	1	1
1322	2	1
1322	3	1
1322	4	1
1322	5	1
1322	6	0
1322	7	0
1322	8	1
1322	9	1
1322	10	1
1322	11	1
1324	0	1
1324	1	1
1324	2	1
1324	3	1
1324	4	0
1324	5	1
1324	6	0
1324	7	0
1324	8	1
1324	9	1
1324	10	1
1324	11	1
1326	0	1
1326	1	1
1326	2	0
1326	3	0
1326	4	0
1326	5	0
1326	6	0
1326	7	0
1326	8	1
1326	9	1
1326	10	0
1326	11	0
1328	0	0
1328	1	1
1328	2	0
1328	3	0
1328	4	0
1328	5	0
1328	6	0
1328	7	0
1328	8	0
1328	9	1
1328	10	0
1328	11	0
1330	0	0
1330	1	1
1330	2	1
1330	3	1
1330	4	1
1330	5	0
1330	6	0
1330	7	0
1330	8	0
1330	9	1
1330	10	1
1330	11	0
1332	0	0
1332	1	0
1332	2	0
1332	3	1
1332	4	0
1332	5	0
1332	6	0
1332	7	0
1332	8	0
1332	9	1
1332	10	0
1332	11	0
1334	0	0
1334	1	1
1334	2	1
1334	3	1
1334	4	1
1334	5	0
1334	6	0
1334	7	0
1334	8	1
1334	9	1
1334	10	1
1334	11	0
1336	0	0
1336	1	1
1336	2	1
1336	3	1
1336	4	1
1336	5	1
1336	6	0
1336	7	1
1336	8	1
1336	9	1
1336	10	1
1336	11	0
1338	0	0
1338	1	1
1338	2	1
1338	3	1
1338	4	1
1338	5	1
1338	6	0
1338	7	1
1338	8	1
1338	9	1
1338	10	1
1338	11	1
1340	0	1
1340	1	1
1340	2	1
1340	3	1
1340	4	1
1340	5	1
1340	6	1
1340	7	1
1340	8	1
1340	9	1
1340	10	1
1340	11	1
1342	0	0
1342	1	0
1342	2	1
1342	3	1
1342	4	0
1342	5	0
1342	6	0
1342	7	0
1342	8	0
1342	9	0
1342	10	1
1342	11	1
1344	0	0
1344	1	0
1344	2	0
1344	3	0
1344	4	0
1344	5	0
1344	6	0
1344	7	0
1344	8	0
1344	9	0
1344	10	0
1344	11	0
1346	0	0
1346	1	0
1346	2	0
1346	3	0
1346	4	0
1346	5	0
1346	6	0
1346	7	0
1346	8	0
1346	9	0
1346	10	0
1346	11	0
1348	0	1
1348	1	1
1348	2	1
1348	3	1
1348	4	1
1348	5	1
1348	6	1
1348	7	0
1348	8	1
1348	9	1
1348	10	1
1348	11	0
1350	0	0
1350	1	0
1350	2	0
1350	3	1
1350	4	0
1350	5	1
1350	6	1
1350	7	0
1350	8	1
1350	9	1
1350	10	1
1350	11	0
1352	0	0
1352	1	0
1352	2	0
1352	3	0
1352	4	0
1352	5	0
1352	6	0
1352	7	0
1352	8	0
1352	9	0
1352	10	0
1352	11	0
1354	0	0
1354	1	0
1354	2	0
1354	3	0
1354	4	0
1354	5	0
1354	6	0
1354	7	0
1354	8	0
1354	9	0
1354	10	0
1354	11	0
1356	0	0
1356	1	0
1356	2	0
1356	3	0
1356	4	0
1356	5	0
1356	6	0
1356	7	0
1356	8	0
1356	9	0
1356	10	0
1356	11	0
1358	0	1
1358	1	1
1358	2	1
1358	3	1
1358	4	1
1358	5	0
1358	6	0
1358	7	1
1358	8	1
1358	9	1
1358	10	1
1358	11	0
1360	0	1
1360	1	1
1360	2	1
1360	3	1
1360	4	1
1360	5	0
1360	6	0
1360	7	1
1360	8	1
1360	9	1
1360	10	1
1360	11	0
1362	0	1
1362	1	1
1362	2	0
1362	3	1
1362	4	1
1362	5	0
1362	6	0
1362	7	1
1362	8	1
1362	9	1
1362	10	1
1362	11	0
1364	0	1
1364	1	1
1364	2	1
1364	3	0
1364	4	1
1364	5	1
1364	6	0
1364	7	1
1364	8	1
1364	9	1
1364	10	1
1364	11	1
1366	0	1
1366	1	0
1366	2	1
1366	3	0
1366	4	1
1366	5	1
1366	6	0
1366	7	1
1366	8	1
1366	9	1
1366	10	1
1366	11	1
1368	0	0
1368	1	0
1368	2	0
1368	3	0
1368	4	0
1368	5	0
1368	6	0
1368	7	0
1368	8	0
1368	9	0
1368	10	0
1368	11	0
1370	0	1
1370	1	1
1370	2	1
1370	3	1
1370	4	1
1370	5	1
1370	6	1
1370	7	1
1370	8	1
1370	9	1
1370	10	1
1370	11	1
1372	0	1
1372	1	1
1372	2	1
1372	3	1
1372	4	1
1372	5	0
1372	6	1
1372	7	1
1372	8	1
1372	9	1
1372	10	1
1372	11	1
1374	0	1
1374	1	1
1374	2	1
1374	3	1
1374	4	1
1374	5	1
1374	6	1
1374	7	1
1374	8	1
1374	9	1
1374	10	1
1374	11	1
1376	0	1
1376	1	1
1376	2	0
1376	3	0
1376	4	1
1376	5	1
1376	6	0
1376	7	1
1376	8	1
1376	9	1
1376	10	1
1376	11	1
1378	0	1
1378	1	1
1378	2	1
1378	3	0
1378	4	1
1378	5	1
1378	6	1
1378	7	1
1378	8	1
1378	9	1
1378	10	1
1378	11	1
1380	0	1
1380	1	0
1380	2	1
1380	3	0
1380	4	0
1380	5	1
1380	6	1
1380	7	1
1380	8	1
1380	9	1
1380	10	0
1380	11	1
1382	0	0
1382	1	0
1382	2	1
1382	3	0
1382	4	0
1382	5	0
1382	6	1
1382	7	1
1382	8	0
1382	9	0
1382	10	0
1382	11	0
1384	0	1
1384	1	1
1384	2	1
1384	3	0
1384	4	1
1384	5	1
1384	6	0
1384	7	1
1384	8	1
1384	9	1
1384	10	1
1384	11	1
1386	0	1
1386	1	1
1386	2	1
1386	3	1
1386	4	1
1386	5	1
1386	6	1
1386	7	1
1386	8	1
1386	9	1
1386	10	1
1386	11	1
1388	0	1
1388	1	1
1388	2	1
1388	3	1
1388	4	1
1388	5	1
1388	6	1
1388	7	1
1388	8	1
1388	9	1
1388	10	1
1388	11	1
1390	0	1
1390	1	1
1390	2	1
1390	3	1
1390	4	1
1390	5	1
1390	6	1
1390	7	1
1390	8	1
1390	9	1
1390	10	1
1390	11	1
1392	0	0
1392	1	0
1392	2	1
1392	3	1
1392	4	0
1392	5	0
1392	6	1
1392	7	1
1392	8	1
1392	9	1
1392	10	0
1392	11	0
1394	0	0
1394	1	0
1394	2	0
1394	3	1
1394	4	0
1394	5	0
1394	6	0
1394	7	0
1394	8	0
1394	9	0
1394	10	0
1394	11	0
1396	0	0
1396	1	0
1396	2	0
1396	3	1
1396	4	0
1396	5	0
1396	6	0
1396	7	0
1396	8	0
1396	9	0
1396	10	0
1396	11	0
1398	0	0
1398	1	0
1398	2	0
1398	3	1
1398	4	0
1398	5	0
1398	6	0
1398	7	0
1398	8	0
1398	9	0
1398	10	0
1398	11	0
1400	0	1
1400	1	1
1400	2	1
1400	3	1
1400	4	1
1400	5	1
1400	6	1
1400	7	1
1400	8	1
1400	9	1
1400	10	1
1400	11	1
1402	0	1
1402	1	1
1402	2	1
1402	3	0
1402	4	1
1402	5	1
1402	6	1
1402	7	1
1402	8	1
1402	9	1
1402	10	1
1402	11	1
1404	0	1
1404	1	1
1404	2	1
1404	3	0
1404	4	1
1404	5	0
1404	6	1
1404	7	1
1404	8	1
1404	9	1
1404	10	1
1404	11	1
1406	0	1
1406	1	1
1406	2	1
1406	3	0
1406	4	0
1406	5	0
1406	6	1
1406	7	1
1406	8	1
1406	9	1
1406	10	1
1406	11	1
1408	0	1
1408	1	1
1408	2	1
1408	3	0
1408	4	0
1408	5	0
1408	6	1
1408	7	1
1408	8	1
1408	9	1
1408	10	1
1408	11	1
1410	0	1
1410	1	1
1410	2	1
1410	3	0
1410	4	0
1410	5	1
1410	6	1
1410	7	1
1410	8	1
1410	9	1
1410	10	1
1410	11	1
1412	0	1
1412	1	1
1412	2	1
1412	3	0
1412	4	1
1412	5	1
1412	6	1
1412	7	1
1412	8	1
1412	9	1
1412	10	1
1412	11	1
1414	0	1
1414	1	1
1414	2	1
1414	3	0
1414	4	1
1414	5	1
1414	6	1
1414	7	1
1414	8	1
1414	9	1
1414	10	1
1414	11	1
1416	0	1
1416	1	1
1416	2	1
1416	3	0
1416	4	0
1416	5	1
1416	6	1
1416	7	1
1416	8	1
1416	9	1
1416	10	1
1416	11	1
1418	0	1
1418	1	1
1418	2	1
1418	3	1
1418	4	1
1418	5	1
1418	6	1
1418	7	1
1418	8	1
1418	9	1
1418	10	1
1418	11	1
1420	0	0
1420	1	0
1420	2	0
1420	3	1
1420	4	0
1420	5	1
1420	6	0
1420	7	1
1420	8	1
1420	9	1
1420	10	0
1420	11	1
1422	0	1
1422	1	1
1422	2	1
1422	3	1
1422	4	1
1422	5	1
1422	6	0
1422	7	1
1422	8	1
1422	9	1
1422	10	1
1422	11	1
1424	0	1
1424	1	1
1424	2	1
1424	3	1
1424	4	1
1424	5	1
1424	6	1
1424	7	1
1424	8	1
1424	9	1
1424	10	1
1424	11	1
1426	0	0
1426	1	0
1426	2	0
1426	3	1
1426	4	0
1426	5	1
1426	6	1
1426	7	0
1426	8	0
1426	9	0
1426	10	0
1426	11	1
1428	0	1
1428	1	0
1428	2	1
1428	3	0
1428	4	1
1428	5	1
1428	6	1
1428	7	1
1428	8	1
1428	9	1
1428	10	1
1428	11	1
1430	0	1
1430	1	1
1430	2	1
1430	3	1
1430	4	1
1430	5	1
1430	6	1
1430	7	1
1430	8	1
1430	9	1
1430	10	1
1430	11	1
1432	0	0
1432	1	0
1432	2	1
1432	3	1
1432	4	0
1432	5	1
1432	6	1
1432	7	0
1432	8	0
1432	9	0
1432	10	0
1432	11	1
1434	0	1
1434	1	1
1434	2	1
1434	3	1
1434	4	1
1434	5	1
1434	6	0
1434	7	1
1434	8	1
1434	9	1
1434	10	1
1434	11	1
1436	0	1
1436	1	1
1436	2	1
1436	3	1
1436	4	1
1436	5	1
1436	6	1
1436	7	1
1436	8	1
1436	9	1
1436	10	1
1436	11	1
1438	0	1
1438	1	0
1438	2	1
1438	3	1
1438	4	0
1438	5	1
1438	6	1
1438	7	0
1438	8	0
1438	9	0
1438	10	0
1438	11	1
1440	0	1
1440	1	1
1440	2	1
1440	3	1
1440	4	1
1440	5	1
1440	6	1
1440	7	1
1440	8	1
1440	9	1
1440	10	1
1440	11	1
1442	0	1
1442	1	1
1442	2	1
1442	3	1
1442	4	1
1442	5	1
1442	6	1
1442	7	1
1442	8	1
1442	9	1
1442	10	1
1442	11	1
1444	0	1
1444	1	0
1444	2	1
1444	3	1
1444	4	0
1444	5	1
1444	6	1
1444	7	0
1444	8	1
1444	9	0
1444	10	0
1444	11	0
1446	0	1
1446	1	1
1446	2	1
1446	3	1
1446	4	1
1446	5	1
1446	6	1
1446	7	1
1446	8	1
1446	9	1
1446	10	1
1446	11	1
1448	0	1
1448	1	1
1448	2	1
1448	3	1
1448	4	1
1448	5	1
1448	6	1
1448	7	1
1448	8	1
1448	9	1
1448	10	1
1448	11	1
1450	0	1
1450	1	1
1450	2	0
1450	3	1
1450	4	0
1450	5	1
1450	6	1
1450	7	0
1450	8	1
1450	9	1
1450	10	0
1450	11	1
1452	0	1
1452	1	1
1452	2	0
1452	3	1
1452	4	1
1452	5	1
1452	6	1
1452	7	1
1452	8	1
1452	9	0
1452	10	1
1452	11	1
1454	0	1
1454	1	1
1454	2	0
1454	3	1
1454	4	1
1454	5	1
1454	6	1
1454	7	1
1454	8	1
1454	9	1
1454	10	1
1454	11	1
1456	0	1
1456	1	0
1456	2	0
1456	3	1
1456	4	0
1456	5	1
1456	6	1
1456	7	0
1456	8	0
1456	9	1
1456	10	0
1456	11	1
1458	0	1
1458	1	1
1458	2	0
1458	3	1
1458	4	1
1458	5	0
1458	6	1
1458	7	1
1458	8	1
1458	9	1
1458	10	1
1458	11	1
1460	0	1
1460	1	1
1460	2	0
1460	3	1
1460	4	1
1460	5	1
1460	6	1
1460	7	1
1460	8	1
1460	9	1
1460	10	1
1460	11	1
1462	0	1
1462	1	0
1462	2	0
1462	3	1
1462	4	0
1462	5	1
1462	6	1
1462	7	0
1462	8	0
1462	9	1
1462	10	0
1462	11	1
1464	0	1
1464	1	1
1464	2	0
1464	3	1
1464	4	1
1464	5	1
1464	6	1
1464	7	1
1464	8	0
1464	9	1
1464	10	1
1464	11	1
1466	0	1
1466	1	0
1466	2	0
1466	3	0
1466	4	1
1466	5	1
1466	6	1
1466	7	1
1466	8	1
1466	9	1
1466	10	1
1466	11	1
1468	0	1
1468	1	0
1468	2	0
1468	3	0
1468	4	0
1468	5	1
1468	6	0
1468	7	0
1468	8	1
1468	9	0
1468	10	0
1468	11	1
1470	0	1
1470	1	0
1470	2	1
1470	3	0
1470	4	1
1470	5	1
1470	6	1
1470	7	1
1470	8	1
1470	9	1
1470	10	1
1470	11	1
1472	0	1
1472	1	0
1472	2	1
1472	3	1
1472	4	1
1472	5	1
1472	6	1
1472	7	1
1472	8	1
1472	9	1
1472	10	1
1472	11	1
1474	0	1
1474	1	0
1474	2	1
1474	3	1
1474	4	0
1474	5	1
1474	6	1
1474	7	0
1474	8	1
1474	9	1
1474	10	0
1474	11	1
1476	0	1
1476	1	1
1476	2	1
1476	3	1
1476	4	1
1476	5	1
1476	6	1
1476	7	1
1476	8	1
1476	9	1
1476	10	1
1476	11	1
1478	0	1
1478	1	1
1478	2	1
1478	3	0
1478	4	1
1478	5	1
1478	6	1
1478	7	1
1478	8	1
1478	9	1
1478	10	1
1478	11	1
1480	0	1
1480	1	0
1480	2	1
1480	3	0
1480	4	0
1480	5	1
1480	6	1
1480	7	0
1480	8	0
1480	9	0
1480	10	1
1480	11	1
1482	0	1
1482	1	1
1482	2	1
1482	3	0
1482	4	1
1482	5	1
1482	6	1
1482	7	1
1482	8	0
1482	9	1
1482	10	1
1482	11	1
1484	0	1
1484	1	0
1484	2	1
1484	3	1
1484	4	1
1484	5	1
1484	6	1
1484	7	1
1484	8	1
1484	9	1
1484	10	1
1484	11	1
1486	0	0
1486	1	0
1486	2	0
1486	3	1
1486	4	0
1486	5	1
1486	6	0
1486	7	0
1486	8	1
1486	9	0
1486	10	0
1486	11	1
1488	0	1
1488	1	0
1488	2	0
1488	3	1
1488	4	1
1488	5	1
1488	6	1
1488	7	1
1488	8	1
1488	9	0
1488	10	1
1488	11	1
1490	0	1
1490	1	0
1490	2	1
1490	3	1
1490	4	1
1490	5	1
1490	6	1
1490	7	1
1490	8	1
1490	9	1
1490	10	1
1490	11	1
1492	0	0
1492	1	0
1492	2	1
1492	3	1
1492	4	0
1492	5	1
1492	6	1
1492	7	0
1492	8	0
1492	9	1
1492	10	1
1492	11	1
1494	0	0
1494	1	1
1494	2	1
1494	3	1
1494	4	1
1494	5	1
1494	6	1
1494	7	1
1494	8	1
1494	9	1
1494	10	1
1494	11	1
1496	0	1
1496	1	1
1496	2	1
1496	3	1
1496	4	1
1496	5	1
1496	6	1
1496	7	1
1496	8	1
1496	9	1
1496	10	1
1496	11	1
1498	0	1
1498	1	1
1498	2	1
1498	3	1
1498	4	0
1498	5	1
1498	6	1
1498	7	0
1498	8	1
1498	9	1
1498	10	0
1498	11	1
1500	0	1
1500	1	1
1500	2	1
1500	3	1
1500	4	1
1500	5	1
1500	6	1
1500	7	1
1500	8	1
1500	9	1
1500	10	1
1500	11	1
1502	0	1
1502	1	1
1502	2	1
1502	3	1
1502	4	1
1502	5	1
1502	6	1
1502	7	1
1502	8	1
1502	9	1
1502	10	1
1502	11	1
1504	0	0
1504	1	1
1504	2	1
1504	3	1
1504	4	0
1504	5	1
1504	6	1
1504	7	1
1504	8	1
1504	9	1
1504	10	0
1504	11	1
1506	0	0
1506	1	1
1506	2	1
1506	3	1
1506	4	1
1506	5	1
1506	6	1
1506	7	1
1506	8	1
1506	9	1
1506	10	1
1506	11	1
1508	0	0
1508	1	0
1508	2	1
1508	3	1
1508	4	1
1508	5	1
1508	6	1
1508	7	1
1508	8	1
1508	9	1
1508	10	1
1508	11	1
1510	0	1
1510	1	1
1510	2	1
1510	3	1
1510	4	1
1510	5	1
1510	6	1
1510	7	1
1510	8	1
1510	9	1
1510	10	1
1510	11	0
1512	0	1
1512	1	1
1512	2	1
1512	3	1
1512	4	1
1512	5	1
1512	6	1
1512	7	1
1512	8	1
1512	9	1
1512	10	1
1512	11	0
1514	0	1
1514	1	1
1514	2	1
1514	3	1
1514	4	1
1514	5	1
1514	6	1
1514	7	1
1514	8	1
1514	9	1
1514	10	1
1514	11	0
1516	0	1
1516	1	1
1516	2	1
1516	3	1
1516	4	1
1516	5	1
1516	6	1
1516	7	1
1516	8	1
1516	9	1
1516	10	1
1516	11	1
1518	0	1
1518	1	1
1518	2	1
1518	3	1
1518	4	1
1518	5	1
1518	6	1
1518	7	1
1518	8	1
1518	9	1
1518	10	1
1518	11	1
1520	0	1
1520	1	1
1520	2	1
1520	3	1
1520	4	1
1520	5	1
1520	6	1
1520	7	0
1520	8	1
1520	9	1
1520	10	1
1520	11	1
1522	0	1
1522	1	1
1522	2	1
1522	3	1
1522	4	1
1522	5	1
1522	6	1
1522	7	1
1522	8	1
1522	9	1
1522	10	1
1522	11	1
1524	0	1
1524	1	0
1524	2	1
1524	3	1
1524	4	1
1524	5	1
1524	6	1
1524	7	1
1524	8	1
1524	9	1
1524	10	1
1524	11	1
1526	0	1
1526	1	0
1526	2	1
1526	3	1
1526	4	1
1526	5	1
1526	6	1
1526	7	1
1526	8	1
1526	9	1
1526	10	1
1526	11	1
1528	0	1
1528	1	0
1528	2	1
1528	3	1
1528	4	1
1528	5	1
1528	6	1
1528	7	1
1528	8	1
1528	9	1
1528	10	1
1528	11	1
1530	0	1
1530	1	0
1530	2	0
1530	3	1
1530	4	0
1530	5	1
1530	6	0
1530	7	1
1530	8	0
1530	9	1
1530	10	0
1530	11	1
1532	0	1
1532	1	0
1532	2	0
1532	3	1
1532	4	1
1532	5	1
1532	6	1
1532	7	1
1532	8	1
1532	9	1
1532	10	1
1532	11	1
1534	0	1
1534	1	0
1534	2	0
1534	3	1
1534	4	1
1534	5	1
1534	6	1
1534	7	1
1534	8	1
1534	9	1
1534	10	1
1534	11	1
1536	0	1
1536	1	0
1536	2	0
1536	3	1
1536	4	1
1536	5	1
1536	6	1
1536	7	0
1536	8	1
1536	9	1
1536	10	1
1536	11	1
1538	0	1
1538	1	0
1538	2	1
1538	3	1
1538	4	1
1538	5	1
1538	6	1
1538	7	0
1538	8	1
1538	9	1
1538	10	1
1538	11	1
1540	0	1
1540	1	0
1540	2	1
1540	3	0
1540	4	1
1540	5	1
1540	6	1
1540	7	0
1540	8	1
1540	9	1
1540	10	1
1540	11	1
1542	0	1
1542	1	0
1542	2	1
1542	3	0
1542	4	1
1542	5	1
1542	6	1
1542	7	0
1542	8	1
1542	9	1
1542	10	1
1542	11	1
1544	0	1
1544	1	0
1544	2	1
1544	3	0
1544	4	0
1544	5	1
1544	6	1
1544	7	0
1544	8	1
1544	9	0
1544	10	0
1544	11	1
1546	0	1
1546	1	0
1546	2	1
1546	3	0
1546	4	1
1546	5	1
1546	6	1
1546	7	1
1546	8	1
1546	9	1
1546	10	1
1546	11	1
1548	0	1
1548	1	1
1548	2	1
1548	3	0
1548	4	1
1548	5	1
1548	6	1
1548	7	1
1548	8	1
1548	9	1
1548	10	1
1548	11	1
1550	0	1
1550	1	0
1550	2	1
1550	3	0
1550	4	1
1550	5	1
1550	6	1
1550	7	1
1550	8	1
1550	9	1
1550	10	1
1550	11	1
1552	0	1
1552	1	0
1552	2	1
1552	3	0
1552	4	1
1552	5	1
1552	6	1
1552	7	1
1552	8	1
1552	9	1
1552	10	1
1552	11	1
1554	0	1
1554	1	0
1554	2	1
1554	3	0
1554	4	1
1554	5	1
1554	6	1
1554	7	1
1554	8	1
1554	9	1
1554	10	1
1554	11	1
1556	0	1
1556	1	0
1556	2	1
1556	3	0
1556	4	1
1556	5	1
1556	6	1
1556	7	1
1556	8	1
1556	9	1
1556	10	1
1556	11	1
1558	0	1
1558	1	0
1558	2	1
1558	3	0
1558	4	1
1558	5	1
1558	6	1
1558	7	1
1558	8	1
1558	9	1
1558	10	1
1558	11	1
1560	0	1
1560	1	0
1560	2	1
1560	3	0
1560	4	1
1560	5	1
1560	6	1
1560	7	1
1560	8	1
1560	9	1
1560	10	1
1560	11	1
1562	0	1
1562	1	0
1562	2	1
1562	3	1
1562	4	1
1562	5	1
1562	6	1
1562	7	1
1562	8	1
1562	9	1
1562	10	1
1562	11	1
1564	0	1
1564	1	0
1564	2	1
1564	3	1
1564	4	1
1564	5	1
1564	6	1
1564	7	1
1564	8	1
1564	9	1
1564	10	1
1564	11	1
1566	0	1
1566	1	1
1566	2	1
1566	3	1
1566	4	1
1566	5	1
1566	6	1
1566	7	0
1566	8	1
1566	9	1
1566	10	1
1566	11	1
1568	0	1
1568	1	0
1568	2	1
1568	3	1
1568	4	1
1568	5	1
1568	6	1
1568	7	0
1568	8	1
1568	9	1
1568	10	1
1568	11	1
1570	0	1
1570	1	0
1570	2	1
1570	3	1
1570	4	1
1570	5	1
1570	6	1
1570	7	0
1570	8	1
1570	9	1
1570	10	1
1570	11	1
1572	0	0
1572	1	1
1572	2	1
1572	3	1
1572	4	1
1572	5	1
1572	6	1
1572	7	0
1572	8	1
1572	9	1
1572	10	1
1572	11	1
1574	0	1
1574	1	1
1574	2	1
1574	3	1
1574	4	1
1574	5	1
1574	6	1
1574	7	0
1574	8	1
1574	9	1
1574	10	1
1574	11	1
1576	0	1
1576	1	1
1576	2	1
1576	3	1
1576	4	1
1576	5	1
1576	6	1
1576	7	0
1576	8	1
1576	9	1
1576	10	1
1576	11	0
1578	0	1
1578	1	1
1578	2	1
1578	3	1
1578	4	1
1578	5	1
1578	6	1
1578	7	0
1578	8	1
1578	9	1
1578	10	1
1578	11	1
1580	0	1
1580	1	1
1580	2	1
1580	3	1
1580	4	1
1580	5	1
1580	6	1
1580	7	0
1580	8	1
1580	9	1
1580	10	1
1580	11	1
1582	0	1
1582	1	1
1582	2	1
1582	3	1
1582	4	1
1582	5	1
1582	6	1
1582	7	0
1582	8	1
1582	9	1
1582	10	1
1582	11	1
1584	0	1
1584	1	1
1584	2	1
1584	3	1
1584	4	1
1584	5	1
1584	6	1
1584	7	0
1584	8	1
1584	9	1
1584	10	1
1584	11	1
1586	0	1
1586	1	0
1586	2	1
1586	3	1
1586	4	1
1586	5	1
1586	6	1
1586	7	0
1586	8	1
1586	9	1
1586	10	1
1586	11	1
1588	0	1
1588	1	0
1588	2	1
1588	3	1
1588	4	1
1588	5	1
1588	6	1
1588	7	0
1588	8	1
1588	9	1
1588	10	1
1588	11	1
1590	0	1
1590	1	1
1590	2	1
1590	3	1
1590	4	1
1590	5	1
1590	6	1
1590	7	0
1590	8	1
1590	9	1
1590	10	1
1590	11	1
1592	0	1
1592	1	1
1592	2	1
1592	3	1
1592	4	1
1592	5	1
1592	6	1
1592	7	0
1592	8	1
1592	9	1
1592	10	1
1592	11	1
1594	0	1
1594	1	0
1594	2	1
1594	3	1
1594	4	1
1594	5	1
1594	6	1
1594	7	0
1594	8	1
1594	9	1
1594	10	1
1594	11	1
1596	0	1
1596	1	0
1596	2	1
1596	3	1
1596	4	1
1596	5	1
1596	6	1
1596	7	0
1596	8	1
1596	9	1
1596	10	1
1596	11	1
1598	0	1
1598	1	0
1598	2	1
1598	3	1
1598	4	1
1598	5	1
1598	6	1
1598	7	0
1598	8	1
1598	9	1
1598	10	1
1598	11	1
