frame_id	rectstat (12 bits, the left top rectangle is the lowest bit)
0	0	0
0	1	0
0	2	0
0	3	0
0	4	0
0	5	0
0	6	1
0	7	1
0	8	0
0	9	0
0	10	0
0	11	0
2	0	0
2	1	0
2	2	0
2	3	0
2	4	0
2	5	1
2	6	1
2	7	1
2	8	0
2	9	0
2	10	0
2	11	0
4	0	0
4	1	0
4	2	0
4	3	0
4	4	0
4	5	1
4	6	1
4	7	0
4	8	0
4	9	0
4	10	0
4	11	0
6	0	0
6	1	0
6	2	0
6	3	0
6	4	0
6	5	1
6	6	1
6	7	1
6	8	0
6	9	0
6	10	0
6	11	0
8	0	0
8	1	0
8	2	0
8	3	0
8	4	0
8	5	1
8	6	1
8	7	1
8	8	0
8	9	0
8	10	0
8	11	0
10	0	0
10	1	0
10	2	0
10	3	0
10	4	0
10	5	1
10	6	1
10	7	1
10	8	0
10	9	0
10	10	0
10	11	0
12	0	0
12	1	0
12	2	0
12	3	0
12	4	0
12	5	1
12	6	1
12	7	1
12	8	0
12	9	0
12	10	0
12	11	0
14	0	0
14	1	0
14	2	0
14	3	0
14	4	1
14	5	1
14	6	1
14	7	0
14	8	0
14	9	0
14	10	0
14	11	0
16	0	0
16	1	0
16	2	0
16	3	0
16	4	0
16	5	1
16	6	1
16	7	0
16	8	0
16	9	0
16	10	0
16	11	0
18	0	0
18	1	0
18	2	0
18	3	0
18	4	1
18	5	1
18	6	1
18	7	0
18	8	0
18	9	0
18	10	0
18	11	0
20	0	0
20	1	0
20	2	0
20	3	0
20	4	0
20	5	1
20	6	1
20	7	0
20	8	0
20	9	0
20	10	0
20	11	0
22	0	0
22	1	0
22	2	0
22	3	0
22	4	1
22	5	1
22	6	1
22	7	0
22	8	0
22	9	0
22	10	0
22	11	0
24	0	0
24	1	0
24	2	0
24	3	0
24	4	0
24	5	0
24	6	1
24	7	0
24	8	0
24	9	0
24	10	0
24	11	0
26	0	0
26	1	0
26	2	0
26	3	0
26	4	1
26	5	0
26	6	1
26	7	0
26	8	0
26	9	0
26	10	0
26	11	0
28	0	0
28	1	0
28	2	0
28	3	0
28	4	1
28	5	1
28	6	1
28	7	0
28	8	0
28	9	0
28	10	0
28	11	0
30	0	0
30	1	0
30	2	0
30	3	0
30	4	1
30	5	1
30	6	1
30	7	0
30	8	0
30	9	0
30	10	0
30	11	0
32	0	0
32	1	0
32	2	0
32	3	0
32	4	1
32	5	1
32	6	1
32	7	0
32	8	0
32	9	0
32	10	0
32	11	0
34	0	0
34	1	0
34	2	0
34	3	0
34	4	1
34	5	1
34	6	1
34	7	0
34	8	0
34	9	0
34	10	0
34	11	0
36	0	0
36	1	0
36	2	0
36	3	0
36	4	1
36	5	1
36	6	1
36	7	0
36	8	0
36	9	0
36	10	0
36	11	0
38	0	0
38	1	0
38	2	0
38	3	0
38	4	1
38	5	1
38	6	1
38	7	0
38	8	0
38	9	0
38	10	0
38	11	0
40	0	0
40	1	0
40	2	0
40	3	0
40	4	1
40	5	1
40	6	1
40	7	0
40	8	0
40	9	0
40	10	0
40	11	0
42	0	0
42	1	0
42	2	0
42	3	0
42	4	1
42	5	1
42	6	1
42	7	0
42	8	0
42	9	0
42	10	0
42	11	0
44	0	0
44	1	0
44	2	0
44	3	0
44	4	1
44	5	1
44	6	1
44	7	0
44	8	0
44	9	0
44	10	0
44	11	0
46	0	0
46	1	0
46	2	0
46	3	0
46	4	1
46	5	1
46	6	1
46	7	0
46	8	0
46	9	0
46	10	0
46	11	0
48	0	0
48	1	0
48	2	0
48	3	0
48	4	1
48	5	1
48	6	1
48	7	0
48	8	0
48	9	0
48	10	0
48	11	0
50	0	0
50	1	0
50	2	0
50	3	0
50	4	1
50	5	1
50	6	1
50	7	0
50	8	0
50	9	0
50	10	0
50	11	0
52	0	0
52	1	0
52	2	0
52	3	0
52	4	1
52	5	1
52	6	1
52	7	0
52	8	0
52	9	0
52	10	0
52	11	0
54	0	0
54	1	0
54	2	0
54	3	0
54	4	1
54	5	1
54	6	1
54	7	0
54	8	0
54	9	0
54	10	0
54	11	0
56	0	0
56	1	0
56	2	0
56	3	0
56	4	1
56	5	1
56	6	1
56	7	0
56	8	0
56	9	0
56	10	0
56	11	0
58	0	0
58	1	0
58	2	0
58	3	0
58	4	1
58	5	1
58	6	1
58	7	0
58	8	0
58	9	0
58	10	0
58	11	0
60	0	0
60	1	0
60	2	0
60	3	0
60	4	1
60	5	1
60	6	1
60	7	0
60	8	0
60	9	0
60	10	0
60	11	0
62	0	0
62	1	0
62	2	0
62	3	0
62	4	1
62	5	1
62	6	1
62	7	0
62	8	0
62	9	0
62	10	0
62	11	0
64	0	0
64	1	0
64	2	0
64	3	0
64	4	1
64	5	1
64	6	1
64	7	0
64	8	0
64	9	0
64	10	0
64	11	0
66	0	0
66	1	0
66	2	0
66	3	0
66	4	1
66	5	1
66	6	1
66	7	0
66	8	0
66	9	0
66	10	0
66	11	0
68	0	0
68	1	0
68	2	0
68	3	0
68	4	1
68	5	1
68	6	1
68	7	0
68	8	0
68	9	0
68	10	0
68	11	0
70	0	0
70	1	0
70	2	0
70	3	0
70	4	1
70	5	1
70	6	1
70	7	0
70	8	0
70	9	0
70	10	0
70	11	0
72	0	0
72	1	0
72	2	0
72	3	0
72	4	1
72	5	1
72	6	1
72	7	0
72	8	0
72	9	0
72	10	0
72	11	0
74	0	0
74	1	0
74	2	0
74	3	0
74	4	1
74	5	1
74	6	1
74	7	0
74	8	0
74	9	0
74	10	0
74	11	0
76	0	0
76	1	0
76	2	0
76	3	1
76	4	1
76	5	1
76	6	1
76	7	0
76	8	0
76	9	0
76	10	0
76	11	0
78	0	0
78	1	0
78	2	0
78	3	0
78	4	1
78	5	1
78	6	1
78	7	0
78	8	0
78	9	0
78	10	0
78	11	0
80	0	0
80	1	0
80	2	0
80	3	1
80	4	1
80	5	1
80	6	1
80	7	0
80	8	0
80	9	0
80	10	0
80	11	0
82	0	0
82	1	0
82	2	0
82	3	0
82	4	1
82	5	1
82	6	1
82	7	0
82	8	0
82	9	0
82	10	0
82	11	0
84	0	0
84	1	0
84	2	0
84	3	1
84	4	1
84	5	1
84	6	1
84	7	0
84	8	0
84	9	0
84	10	0
84	11	0
86	0	0
86	1	0
86	2	0
86	3	0
86	4	1
86	5	1
86	6	1
86	7	0
86	8	0
86	9	0
86	10	0
86	11	0
88	0	0
88	1	0
88	2	0
88	3	1
88	4	1
88	5	0
88	6	1
88	7	0
88	8	0
88	9	0
88	10	0
88	11	0
90	0	0
90	1	0
90	2	0
90	3	1
90	4	1
90	5	0
90	6	1
90	7	0
90	8	0
90	9	0
90	10	0
90	11	0
92	0	0
92	1	0
92	2	0
92	3	1
92	4	1
92	5	0
92	6	1
92	7	0
92	8	0
92	9	0
92	10	0
92	11	0
94	0	0
94	1	0
94	2	0
94	3	1
94	4	1
94	5	1
94	6	1
94	7	0
94	8	0
94	9	0
94	10	0
94	11	0
96	0	0
96	1	0
96	2	0
96	3	1
96	4	1
96	5	0
96	6	1
96	7	0
96	8	0
96	9	0
96	10	0
96	11	0
98	0	0
98	1	0
98	2	0
98	3	1
98	4	1
98	5	1
98	6	1
98	7	0
98	8	0
98	9	0
98	10	0
98	11	0
100	0	0
100	1	0
100	2	0
100	3	1
100	4	1
100	5	0
100	6	1
100	7	0
100	8	0
100	9	0
100	10	0
100	11	0
102	0	0
102	1	0
102	2	0
102	3	1
102	4	1
102	5	1
102	6	1
102	7	0
102	8	0
102	9	0
102	10	0
102	11	0
104	0	0
104	1	0
104	2	0
104	3	1
104	4	1
104	5	1
104	6	1
104	7	0
104	8	0
104	9	0
104	10	0
104	11	0
106	0	0
106	1	0
106	2	0
106	3	1
106	4	1
106	5	1
106	6	1
106	7	0
106	8	0
106	9	0
106	10	0
106	11	0
108	0	0
108	1	0
108	2	0
108	3	1
108	4	1
108	5	1
108	6	1
108	7	0
108	8	0
108	9	0
108	10	0
108	11	0
110	0	0
110	1	0
110	2	0
110	3	1
110	4	1
110	5	1
110	6	1
110	7	0
110	8	0
110	9	0
110	10	0
110	11	0
112	0	0
112	1	0
112	2	0
112	3	1
112	4	1
112	5	1
112	6	1
112	7	0
112	8	0
112	9	0
112	10	0
112	11	0
114	0	0
114	1	0
114	2	0
114	3	1
114	4	1
114	5	1
114	6	1
114	7	0
114	8	0
114	9	0
114	10	0
114	11	0
116	0	0
116	1	0
116	2	0
116	3	1
116	4	1
116	5	1
116	6	1
116	7	0
116	8	0
116	9	0
116	10	0
116	11	0
118	0	0
118	1	0
118	2	0
118	3	1
118	4	1
118	5	1
118	6	1
118	7	0
118	8	0
118	9	0
118	10	0
118	11	0
120	0	0
120	1	0
120	2	0
120	3	1
120	4	1
120	5	1
120	6	1
120	7	0
120	8	0
120	9	0
120	10	0
120	11	0
122	0	0
122	1	0
122	2	0
122	3	1
122	4	1
122	5	1
122	6	1
122	7	0
122	8	0
122	9	0
122	10	0
122	11	0
124	0	0
124	1	0
124	2	1
124	3	1
124	4	1
124	5	1
124	6	1
124	7	0
124	8	0
124	9	0
124	10	0
124	11	0
126	0	0
126	1	0
126	2	1
126	3	1
126	4	1
126	5	1
126	6	1
126	7	0
126	8	0
126	9	0
126	10	0
126	11	0
128	0	0
128	1	0
128	2	1
128	3	1
128	4	1
128	5	1
128	6	1
128	7	0
128	8	0
128	9	0
128	10	0
128	11	0
130	0	0
130	1	0
130	2	1
130	3	1
130	4	1
130	5	1
130	6	1
130	7	0
130	8	0
130	9	0
130	10	0
130	11	0
132	0	0
132	1	0
132	2	1
132	3	1
132	4	1
132	5	1
132	6	1
132	7	0
132	8	0
132	9	0
132	10	0
132	11	0
134	0	0
134	1	0
134	2	1
134	3	1
134	4	1
134	5	1
134	6	1
134	7	0
134	8	0
134	9	0
134	10	0
134	11	0
136	0	0
136	1	0
136	2	1
136	3	1
136	4	1
136	5	1
136	6	1
136	7	0
136	8	0
136	9	0
136	10	0
136	11	0
138	0	0
138	1	0
138	2	1
138	3	1
138	4	1
138	5	1
138	6	1
138	7	0
138	8	0
138	9	0
138	10	0
138	11	0
140	0	0
140	1	0
140	2	1
140	3	1
140	4	1
140	5	1
140	6	1
140	7	0
140	8	0
140	9	0
140	10	0
140	11	0
142	0	0
142	1	0
142	2	1
142	3	1
142	4	1
142	5	1
142	6	1
142	7	0
142	8	0
142	9	0
142	10	0
142	11	0
144	0	0
144	1	0
144	2	1
144	3	1
144	4	1
144	5	1
144	6	1
144	7	0
144	8	0
144	9	0
144	10	0
144	11	0
146	0	0
146	1	0
146	2	1
146	3	1
146	4	1
146	5	1
146	6	1
146	7	0
146	8	0
146	9	0
146	10	0
146	11	0
148	0	0
148	1	0
148	2	1
148	3	1
148	4	0
148	5	1
148	6	1
148	7	0
148	8	0
148	9	0
148	10	0
148	11	0
150	0	0
150	1	0
150	2	1
150	3	1
150	4	0
150	5	1
150	6	1
150	7	0
150	8	0
150	9	0
150	10	0
150	11	0
152	0	0
152	1	0
152	2	1
152	3	1
152	4	0
152	5	1
152	6	1
152	7	0
152	8	0
152	9	0
152	10	0
152	11	0
154	0	0
154	1	0
154	2	1
154	3	1
154	4	0
154	5	1
154	6	1
154	7	0
154	8	0
154	9	0
154	10	0
154	11	0
156	0	0
156	1	0
156	2	1
156	3	1
156	4	0
156	5	1
156	6	1
156	7	0
156	8	0
156	9	0
156	10	0
156	11	0
158	0	0
158	1	0
158	2	1
158	3	1
158	4	0
158	5	1
158	6	1
158	7	0
158	8	0
158	9	0
158	10	0
158	11	0
160	0	0
160	1	0
160	2	1
160	3	1
160	4	0
160	5	1
160	6	1
160	7	0
160	8	0
160	9	0
160	10	0
160	11	0
162	0	0
162	1	0
162	2	1
162	3	1
162	4	0
162	5	1
162	6	1
162	7	0
162	8	0
162	9	0
162	10	0
162	11	0
164	0	0
164	1	0
164	2	1
164	3	1
164	4	0
164	5	1
164	6	1
164	7	0
164	8	0
164	9	0
164	10	0
164	11	0
166	0	0
166	1	0
166	2	1
166	3	1
166	4	0
166	5	1
166	6	1
166	7	0
166	8	0
166	9	0
166	10	0
166	11	0
168	0	0
168	1	0
168	2	1
168	3	1
168	4	0
168	5	1
168	6	1
168	7	0
168	8	0
168	9	0
168	10	0
168	11	0
170	0	0
170	1	0
170	2	1
170	3	1
170	4	0
170	5	1
170	6	1
170	7	0
170	8	0
170	9	0
170	10	0
170	11	0
172	0	0
172	1	0
172	2	1
172	3	1
172	4	0
172	5	1
172	6	1
172	7	0
172	8	0
172	9	0
172	10	0
172	11	0
174	0	0
174	1	0
174	2	1
174	3	1
174	4	0
174	5	1
174	6	1
174	7	0
174	8	0
174	9	0
174	10	0
174	11	0
176	0	0
176	1	0
176	2	1
176	3	1
176	4	0
176	5	1
176	6	1
176	7	0
176	8	0
176	9	0
176	10	0
176	11	0
178	0	0
178	1	0
178	2	1
178	3	1
178	4	0
178	5	1
178	6	1
178	7	0
178	8	0
178	9	0
178	10	0
178	11	0
180	0	0
180	1	0
180	2	1
180	3	0
180	4	0
180	5	1
180	6	1
180	7	0
180	8	0
180	9	0
180	10	0
180	11	0
182	0	0
182	1	0
182	2	1
182	3	1
182	4	0
182	5	1
182	6	1
182	7	0
182	8	0
182	9	0
182	10	0
182	11	0
184	0	0
184	1	0
184	2	1
184	3	0
184	4	0
184	5	1
184	6	1
184	7	0
184	8	0
184	9	0
184	10	0
184	11	0
186	0	0
186	1	0
186	2	1
186	3	1
186	4	0
186	5	1
186	6	1
186	7	0
186	8	0
186	9	0
186	10	0
186	11	0
188	0	0
188	1	1
188	2	1
188	3	0
188	4	0
188	5	1
188	6	1
188	7	0
188	8	0
188	9	0
188	10	0
188	11	0
190	0	0
190	1	1
190	2	1
190	3	1
190	4	0
190	5	1
190	6	1
190	7	0
190	8	0
190	9	0
190	10	0
190	11	0
192	0	0
192	1	1
192	2	1
192	3	0
192	4	0
192	5	1
192	6	1
192	7	0
192	8	0
192	9	0
192	10	0
192	11	0
194	0	0
194	1	1
194	2	1
194	3	1
194	4	0
194	5	1
194	6	1
194	7	0
194	8	0
194	9	0
194	10	0
194	11	0
196	0	0
196	1	1
196	2	1
196	3	0
196	4	0
196	5	1
196	6	1
196	7	0
196	8	0
196	9	0
196	10	0
196	11	0
198	0	0
198	1	1
198	2	1
198	3	0
198	4	0
198	5	1
198	6	1
198	7	0
198	8	0
198	9	0
198	10	0
198	11	0
200	0	0
200	1	1
200	2	1
200	3	0
200	4	0
200	5	1
200	6	1
200	7	0
200	8	0
200	9	0
200	10	0
200	11	0
202	0	0
202	1	1
202	2	1
202	3	0
202	4	0
202	5	1
202	6	1
202	7	0
202	8	0
202	9	0
202	10	0
202	11	0
204	0	0
204	1	1
204	2	1
204	3	0
204	4	0
204	5	1
204	6	1
204	7	0
204	8	0
204	9	0
204	10	0
204	11	0
206	0	0
206	1	1
206	2	1
206	3	0
206	4	0
206	5	1
206	6	1
206	7	0
206	8	0
206	9	0
206	10	0
206	11	0
208	0	0
208	1	1
208	2	1
208	3	0
208	4	0
208	5	1
208	6	1
208	7	0
208	8	0
208	9	0
208	10	0
208	11	0
210	0	0
210	1	1
210	2	1
210	3	0
210	4	0
210	5	1
210	6	1
210	7	0
210	8	0
210	9	0
210	10	0
210	11	0
212	0	0
212	1	1
212	2	1
212	3	0
212	4	0
212	5	1
212	6	1
212	7	0
212	8	0
212	9	0
212	10	0
212	11	0
214	0	0
214	1	1
214	2	1
214	3	0
214	4	0
214	5	1
214	6	1
214	7	0
214	8	0
214	9	0
214	10	0
214	11	0
216	0	0
216	1	1
216	2	1
216	3	0
216	4	0
216	5	1
216	6	1
216	7	0
216	8	0
216	9	0
216	10	0
216	11	0
218	0	0
218	1	1
218	2	1
218	3	0
218	4	0
218	5	1
218	6	1
218	7	0
218	8	0
218	9	0
218	10	0
218	11	0
220	0	0
220	1	1
220	2	1
220	3	0
220	4	0
220	5	1
220	6	1
220	7	0
220	8	0
220	9	0
220	10	0
220	11	0
222	0	0
222	1	1
222	2	1
222	3	0
222	4	0
222	5	1
222	6	1
222	7	0
222	8	0
222	9	0
222	10	0
222	11	0
224	0	0
224	1	1
224	2	1
224	3	0
224	4	0
224	5	1
224	6	1
224	7	0
224	8	0
224	9	0
224	10	0
224	11	0
226	0	0
226	1	1
226	2	1
226	3	0
226	4	0
226	5	1
226	6	1
226	7	0
226	8	0
226	9	0
226	10	0
226	11	0
228	0	0
228	1	1
228	2	1
228	3	0
228	4	0
228	5	1
228	6	1
228	7	0
228	8	0
228	9	0
228	10	0
228	11	0
230	0	0
230	1	1
230	2	0
230	3	0
230	4	0
230	5	1
230	6	1
230	7	0
230	8	0
230	9	0
230	10	0
230	11	0
232	0	0
232	1	1
232	2	0
232	3	0
232	4	0
232	5	1
232	6	1
232	7	0
232	8	0
232	9	0
232	10	0
232	11	0
234	0	0
234	1	1
234	2	0
234	3	0
234	4	0
234	5	1
234	6	1
234	7	0
234	8	0
234	9	0
234	10	0
234	11	0
236	0	0
236	1	1
236	2	0
236	3	0
236	4	0
236	5	1
236	6	1
236	7	0
236	8	0
236	9	0
236	10	0
236	11	0
238	0	0
238	1	1
238	2	0
238	3	0
238	4	0
238	5	1
238	6	1
238	7	0
238	8	0
238	9	0
238	10	0
238	11	0
240	0	0
240	1	1
240	2	0
240	3	0
240	4	0
240	5	1
240	6	1
240	7	0
240	8	0
240	9	0
240	10	0
240	11	0
242	0	0
242	1	1
242	2	0
242	3	0
242	4	0
242	5	1
242	6	1
242	7	0
242	8	0
242	9	0
242	10	0
242	11	0
244	0	0
244	1	1
244	2	0
244	3	0
244	4	0
244	5	1
244	6	1
244	7	0
244	8	0
244	9	0
244	10	0
244	11	0
246	0	0
246	1	1
246	2	0
246	3	0
246	4	0
246	5	1
246	6	1
246	7	0
246	8	0
246	9	0
246	10	0
246	11	0
248	0	0
248	1	1
248	2	0
248	3	0
248	4	0
248	5	1
248	6	1
248	7	0
248	8	0
248	9	0
248	10	0
248	11	0
250	0	0
250	1	1
250	2	0
250	3	0
250	4	1
250	5	1
250	6	1
250	7	0
250	8	0
250	9	0
250	10	0
250	11	0
252	0	0
252	1	1
252	2	0
252	3	0
252	4	1
252	5	1
252	6	1
252	7	0
252	8	0
252	9	0
252	10	0
252	11	0
254	0	0
254	1	1
254	2	0
254	3	0
254	4	1
254	5	1
254	6	1
254	7	0
254	8	0
254	9	0
254	10	0
254	11	0
256	0	0
256	1	1
256	2	0
256	3	0
256	4	1
256	5	1
256	6	1
256	7	0
256	8	0
256	9	0
256	10	0
256	11	0
258	0	0
258	1	1
258	2	0
258	3	0
258	4	1
258	5	1
258	6	1
258	7	0
258	8	0
258	9	0
258	10	0
258	11	0
260	0	0
260	1	1
260	2	0
260	3	0
260	4	1
260	5	1
260	6	1
260	7	0
260	8	0
260	9	0
260	10	0
260	11	0
262	0	0
262	1	1
262	2	0
262	3	0
262	4	1
262	5	1
262	6	1
262	7	0
262	8	0
262	9	0
262	10	0
262	11	0
264	0	1
264	1	1
264	2	0
264	3	0
264	4	1
264	5	1
264	6	1
264	7	0
264	8	0
264	9	0
264	10	0
264	11	0
266	0	0
266	1	1
266	2	0
266	3	0
266	4	1
266	5	1
266	6	1
266	7	0
266	8	0
266	9	0
266	10	0
266	11	0
268	0	1
268	1	1
268	2	0
268	3	0
268	4	1
268	5	1
268	6	1
268	7	0
268	8	0
268	9	0
268	10	0
268	11	0
270	0	1
270	1	1
270	2	0
270	3	0
270	4	1
270	5	1
270	6	1
270	7	0
270	8	0
270	9	0
270	10	0
270	11	0
272	0	1
272	1	1
272	2	0
272	3	0
272	4	1
272	5	1
272	6	1
272	7	0
272	8	0
272	9	0
272	10	0
272	11	0
274	0	1
274	1	1
274	2	0
274	3	0
274	4	1
274	5	1
274	6	1
274	7	0
274	8	0
274	9	0
274	10	0
274	11	0
276	0	1
276	1	1
276	2	0
276	3	0
276	4	1
276	5	1
276	6	1
276	7	0
276	8	0
276	9	0
276	10	0
276	11	1
278	0	1
278	1	1
278	2	0
278	3	0
278	4	1
278	5	0
278	6	1
278	7	0
278	8	0
278	9	0
278	10	0
278	11	0
280	0	1
280	1	1
280	2	0
280	3	0
280	4	1
280	5	1
280	6	1
280	7	0
280	8	0
280	9	0
280	10	0
280	11	1
282	0	1
282	1	1
282	2	0
282	3	0
282	4	1
282	5	0
282	6	1
282	7	0
282	8	0
282	9	0
282	10	0
282	11	0
284	0	1
284	1	1
284	2	0
284	3	0
284	4	1
284	5	1
284	6	1
284	7	0
284	8	0
284	9	0
284	10	0
284	11	1
286	0	1
286	1	1
286	2	0
286	3	0
286	4	1
286	5	0
286	6	1
286	7	0
286	8	0
286	9	0
286	10	0
286	11	0
288	0	1
288	1	1
288	2	0
288	3	0
288	4	1
288	5	0
288	6	1
288	7	0
288	8	0
288	9	0
288	10	0
288	11	0
290	0	1
290	1	1
290	2	0
290	3	0
290	4	1
290	5	0
290	6	1
290	7	0
290	8	0
290	9	0
290	10	0
290	11	1
292	0	1
292	1	1
292	2	0
292	3	0
292	4	1
292	5	0
292	6	1
292	7	0
292	8	0
292	9	0
292	10	0
292	11	0
294	0	1
294	1	1
294	2	0
294	3	0
294	4	1
294	5	0
294	6	1
294	7	0
294	8	0
294	9	0
294	10	0
294	11	1
296	0	1
296	1	1
296	2	0
296	3	0
296	4	1
296	5	0
296	6	1
296	7	0
296	8	0
296	9	0
296	10	0
296	11	0
298	0	1
298	1	1
298	2	0
298	3	0
298	4	1
298	5	0
298	6	1
298	7	0
298	8	0
298	9	0
298	10	0
298	11	1
300	0	1
300	1	1
300	2	0
300	3	0
300	4	1
300	5	0
300	6	1
300	7	0
300	8	0
300	9	0
300	10	0
300	11	1
302	0	1
302	1	1
302	2	0
302	3	0
302	4	1
302	5	0
302	6	1
302	7	0
302	8	0
302	9	0
302	10	0
302	11	1
304	0	1
304	1	1
304	2	0
304	3	0
304	4	1
304	5	0
304	6	1
304	7	0
304	8	0
304	9	0
304	10	0
304	11	1
306	0	1
306	1	1
306	2	0
306	3	0
306	4	1
306	5	0
306	6	1
306	7	0
306	8	0
306	9	0
306	10	0
306	11	1
308	0	1
308	1	1
308	2	0
308	3	0
308	4	1
308	5	0
308	6	1
308	7	0
308	8	0
308	9	0
308	10	0
308	11	1
310	0	1
310	1	1
310	2	0
310	3	0
310	4	1
310	5	0
310	6	1
310	7	0
310	8	0
310	9	0
310	10	0
310	11	1
312	0	1
312	1	1
312	2	0
312	3	0
312	4	1
312	5	0
312	6	1
312	7	0
312	8	0
312	9	0
312	10	0
312	11	1
314	0	1
314	1	1
314	2	0
314	3	0
314	4	1
314	5	0
314	6	1
314	7	0
314	8	0
314	9	0
314	10	0
314	11	1
316	0	1
316	1	1
316	2	0
316	3	0
316	4	1
316	5	0
316	6	1
316	7	0
316	8	0
316	9	0
316	10	0
316	11	1
318	0	1
318	1	0
318	2	0
318	3	0
318	4	1
318	5	0
318	6	1
318	7	0
318	8	0
318	9	0
318	10	0
318	11	1
320	0	1
320	1	0
320	2	0
320	3	0
320	4	1
320	5	0
320	6	1
320	7	0
320	8	0
320	9	0
320	10	0
320	11	1
322	0	1
322	1	0
322	2	0
322	3	0
322	4	1
322	5	0
322	6	1
322	7	0
322	8	0
322	9	0
322	10	0
322	11	1
324	0	1
324	1	0
324	2	0
324	3	0
324	4	1
324	5	0
324	6	1
324	7	0
324	8	0
324	9	0
324	10	0
324	11	1
326	0	1
326	1	0
326	2	0
326	3	0
326	4	1
326	5	0
326	6	1
326	7	0
326	8	0
326	9	0
326	10	0
326	11	1
328	0	1
328	1	0
328	2	0
328	3	0
328	4	1
328	5	0
328	6	1
328	7	0
328	8	0
328	9	0
328	10	0
328	11	1
330	0	1
330	1	0
330	2	0
330	3	0
330	4	1
330	5	0
330	6	1
330	7	0
330	8	0
330	9	0
330	10	0
330	11	1
332	0	1
332	1	0
332	2	0
332	3	0
332	4	1
332	5	0
332	6	1
332	7	0
332	8	0
332	9	0
332	10	0
332	11	1
334	0	1
334	1	0
334	2	0
334	3	0
334	4	1
334	5	0
334	6	1
334	7	0
334	8	0
334	9	0
334	10	0
334	11	1
336	0	1
336	1	0
336	2	0
336	3	0
336	4	1
336	5	0
336	6	1
336	7	0
336	8	0
336	9	0
336	10	0
336	11	1
338	0	1
338	1	0
338	2	0
338	3	0
338	4	1
338	5	0
338	6	1
338	7	0
338	8	0
338	9	0
338	10	0
338	11	1
340	0	1
340	1	0
340	2	0
340	3	0
340	4	1
340	5	0
340	6	1
340	7	0
340	8	0
340	9	0
340	10	0
340	11	1
342	0	1
342	1	0
342	2	0
342	3	0
342	4	1
342	5	0
342	6	1
342	7	0
342	8	0
342	9	0
342	10	0
342	11	1
344	0	1
344	1	0
344	2	0
344	3	0
344	4	1
344	5	0
344	6	1
344	7	0
344	8	0
344	9	0
344	10	0
344	11	1
346	0	1
346	1	0
346	2	0
346	3	0
346	4	1
346	5	0
346	6	1
346	7	0
346	8	0
346	9	0
346	10	0
346	11	1
348	0	1
348	1	0
348	2	0
348	3	0
348	4	1
348	5	0
348	6	1
348	7	0
348	8	0
348	9	0
348	10	0
348	11	1
350	0	1
350	1	0
350	2	0
350	3	0
350	4	1
350	5	0
350	6	1
350	7	0
350	8	0
350	9	0
350	10	0
350	11	1
352	0	1
352	1	0
352	2	0
352	3	0
352	4	1
352	5	0
352	6	1
352	7	0
352	8	0
352	9	0
352	10	0
352	11	1
354	0	1
354	1	0
354	2	0
354	3	0
354	4	1
354	5	0
354	6	1
354	7	0
354	8	0
354	9	0
354	10	0
354	11	1
356	0	1
356	1	0
356	2	0
356	3	0
356	4	1
356	5	0
356	6	1
356	7	0
356	8	0
356	9	0
356	10	0
356	11	1
358	0	1
358	1	0
358	2	0
358	3	0
358	4	1
358	5	0
358	6	1
358	7	0
358	8	0
358	9	0
358	10	0
358	11	1
360	0	1
360	1	0
360	2	0
360	3	0
360	4	1
360	5	0
360	6	1
360	7	0
360	8	0
360	9	0
360	10	0
360	11	1
362	0	1
362	1	0
362	2	0
362	3	0
362	4	1
362	5	0
362	6	1
362	7	0
362	8	0
362	9	0
362	10	0
362	11	1
364	0	1
364	1	0
364	2	0
364	3	0
364	4	1
364	5	0
364	6	1
364	7	0
364	8	0
364	9	0
364	10	0
364	11	1
366	0	1
366	1	0
366	2	0
366	3	0
366	4	1
366	5	0
366	6	1
366	7	0
366	8	0
366	9	0
366	10	0
366	11	1
368	0	1
368	1	0
368	2	0
368	3	0
368	4	1
368	5	0
368	6	1
368	7	0
368	8	0
368	9	0
368	10	0
368	11	1
370	0	1
370	1	0
370	2	0
370	3	0
370	4	1
370	5	0
370	6	1
370	7	0
370	8	0
370	9	0
370	10	0
370	11	1
372	0	1
372	1	0
372	2	0
372	3	0
372	4	1
372	5	0
372	6	1
372	7	0
372	8	0
372	9	0
372	10	0
372	11	1
374	0	1
374	1	0
374	2	0
374	3	0
374	4	1
374	5	0
374	6	1
374	7	0
374	8	0
374	9	0
374	10	0
374	11	1
376	0	1
376	1	0
376	2	0
376	3	0
376	4	1
376	5	0
376	6	1
376	7	0
376	8	0
376	9	0
376	10	1
376	11	1
378	0	1
378	1	0
378	2	0
378	3	0
378	4	1
378	5	0
378	6	1
378	7	0
378	8	0
378	9	0
378	10	1
378	11	1
380	0	1
380	1	0
380	2	0
380	3	0
380	4	1
380	5	0
380	6	1
380	7	0
380	8	0
380	9	0
380	10	1
380	11	1
382	0	0
382	1	0
382	2	0
382	3	0
382	4	1
382	5	0
382	6	1
382	7	0
382	8	0
382	9	0
382	10	1
382	11	1
384	0	0
384	1	0
384	2	0
384	3	0
384	4	1
384	5	0
384	6	1
384	7	0
384	8	0
384	9	0
384	10	1
384	11	1
386	0	0
386	1	0
386	2	0
386	3	0
386	4	1
386	5	0
386	6	1
386	7	0
386	8	0
386	9	0
386	10	1
386	11	1
388	0	0
388	1	0
388	2	0
388	3	0
388	4	1
388	5	0
388	6	1
388	7	0
388	8	0
388	9	0
388	10	1
388	11	1
390	0	0
390	1	0
390	2	0
390	3	0
390	4	1
390	5	0
390	6	1
390	7	0
390	8	0
390	9	0
390	10	1
390	11	1
392	0	0
392	1	0
392	2	0
392	3	0
392	4	1
392	5	0
392	6	1
392	7	0
392	8	0
392	9	0
392	10	1
392	11	1
394	0	0
394	1	0
394	2	0
394	3	0
394	4	1
394	5	0
394	6	1
394	7	0
394	8	0
394	9	0
394	10	1
394	11	1
396	0	0
396	1	0
396	2	0
396	3	0
396	4	1
396	5	0
396	6	1
396	7	0
396	8	0
396	9	0
396	10	1
396	11	1
398	0	0
398	1	0
398	2	0
398	3	0
398	4	1
398	5	0
398	6	1
398	7	0
398	8	0
398	9	0
398	10	1
398	11	1
400	0	0
400	1	0
400	2	0
400	3	0
400	4	1
400	5	0
400	6	1
400	7	0
400	8	0
400	9	0
400	10	1
400	11	1
402	0	0
402	1	0
402	2	0
402	3	0
402	4	1
402	5	0
402	6	1
402	7	0
402	8	0
402	9	0
402	10	1
402	11	1
404	0	0
404	1	0
404	2	0
404	3	0
404	4	1
404	5	0
404	6	1
404	7	0
404	8	0
404	9	0
404	10	1
404	11	1
406	0	0
406	1	0
406	2	0
406	3	0
406	4	1
406	5	0
406	6	1
406	7	0
406	8	0
406	9	0
406	10	1
406	11	1
408	0	0
408	1	0
408	2	0
408	3	0
408	4	1
408	5	0
408	6	1
408	7	0
408	8	0
408	9	0
408	10	1
408	11	1
410	0	0
410	1	0
410	2	0
410	3	0
410	4	1
410	5	0
410	6	1
410	7	0
410	8	0
410	9	0
410	10	1
410	11	1
412	0	0
412	1	0
412	2	0
412	3	0
412	4	1
412	5	0
412	6	1
412	7	0
412	8	0
412	9	0
412	10	1
412	11	1
414	0	0
414	1	0
414	2	0
414	3	0
414	4	1
414	5	0
414	6	1
414	7	0
414	8	0
414	9	0
414	10	1
414	11	1
416	0	0
416	1	0
416	2	0
416	3	0
416	4	1
416	5	0
416	6	1
416	7	0
416	8	0
416	9	0
416	10	1
416	11	0
418	0	0
418	1	0
418	2	0
418	3	0
418	4	1
418	5	0
418	6	1
418	7	0
418	8	0
418	9	0
418	10	1
418	11	1
420	0	0
420	1	0
420	2	0
420	3	0
420	4	1
420	5	0
420	6	1
420	7	0
420	8	0
420	9	0
420	10	1
420	11	0
422	0	0
422	1	0
422	2	0
422	3	0
422	4	1
422	5	0
422	6	1
422	7	0
422	8	0
422	9	0
422	10	1
422	11	0
424	0	0
424	1	0
424	2	0
424	3	0
424	4	1
424	5	0
424	6	1
424	7	0
424	8	0
424	9	0
424	10	1
424	11	0
426	0	0
426	1	0
426	2	0
426	3	0
426	4	1
426	5	0
426	6	1
426	7	0
426	8	0
426	9	0
426	10	1
426	11	0
428	0	0
428	1	0
428	2	0
428	3	0
428	4	1
428	5	0
428	6	1
428	7	0
428	8	0
428	9	0
428	10	1
428	11	0
430	0	0
430	1	0
430	2	0
430	3	0
430	4	1
430	5	0
430	6	1
430	7	0
430	8	0
430	9	0
430	10	1
430	11	0
432	0	0
432	1	0
432	2	0
432	3	0
432	4	1
432	5	0
432	6	1
432	7	0
432	8	0
432	9	0
432	10	1
432	11	0
434	0	0
434	1	0
434	2	0
434	3	0
434	4	1
434	5	0
434	6	1
434	7	0
434	8	0
434	9	0
434	10	1
434	11	0
436	0	0
436	1	0
436	2	0
436	3	0
436	4	1
436	5	0
436	6	1
436	7	0
436	8	0
436	9	0
436	10	1
436	11	0
438	0	0
438	1	0
438	2	0
438	3	0
438	4	1
438	5	0
438	6	1
438	7	0
438	8	0
438	9	0
438	10	1
438	11	0
440	0	0
440	1	0
440	2	0
440	3	0
440	4	1
440	5	0
440	6	1
440	7	0
440	8	0
440	9	0
440	10	1
440	11	0
442	0	0
442	1	0
442	2	0
442	3	0
442	4	1
442	5	0
442	6	1
442	7	0
442	8	0
442	9	0
442	10	1
442	11	0
444	0	0
444	1	0
444	2	0
444	3	0
444	4	1
444	5	1
444	6	1
444	7	0
444	8	0
444	9	1
444	10	1
444	11	0
446	0	0
446	1	0
446	2	0
446	3	0
446	4	1
446	5	0
446	6	1
446	7	0
446	8	0
446	9	0
446	10	1
446	11	0
448	0	0
448	1	0
448	2	0
448	3	0
448	4	1
448	5	1
448	6	1
448	7	0
448	8	0
448	9	1
448	10	1
448	11	0
450	0	0
450	1	0
450	2	0
450	3	0
450	4	1
450	5	0
450	6	1
450	7	0
450	8	0
450	9	1
450	10	1
450	11	0
452	0	0
452	1	0
452	2	0
452	3	0
452	4	1
452	5	1
452	6	1
452	7	0
452	8	0
452	9	1
452	10	1
452	11	0
454	0	0
454	1	0
454	2	0
454	3	0
454	4	1
454	5	0
454	6	1
454	7	0
454	8	0
454	9	1
454	10	1
454	11	0
456	0	0
456	1	0
456	2	0
456	3	0
456	4	0
456	5	1
456	6	1
456	7	0
456	8	0
456	9	1
456	10	1
456	11	0
458	0	0
458	1	0
458	2	0
458	3	0
458	4	1
458	5	1
458	6	1
458	7	0
458	8	0
458	9	1
458	10	1
458	11	0
460	0	0
460	1	0
460	2	0
460	3	0
460	4	0
460	5	1
460	6	1
460	7	0
460	8	0
460	9	1
460	10	1
460	11	0
462	0	0
462	1	0
462	2	0
462	3	0
462	4	1
462	5	1
462	6	1
462	7	0
462	8	0
462	9	1
462	10	1
462	11	0
464	0	0
464	1	0
464	2	0
464	3	0
464	4	1
464	5	1
464	6	1
464	7	0
464	8	1
464	9	1
464	10	1
464	11	0
466	0	0
466	1	0
466	2	0
466	3	0
466	4	1
466	5	1
466	6	1
466	7	0
466	8	0
466	9	1
466	10	1
466	11	0
468	0	0
468	1	0
468	2	0
468	3	0
468	4	1
468	5	1
468	6	1
468	7	0
468	8	1
468	9	1
468	10	1
468	11	0
470	0	0
470	1	0
470	2	0
470	3	0
470	4	0
470	5	1
470	6	1
470	7	0
470	8	0
470	9	1
470	10	1
470	11	0
472	0	0
472	1	0
472	2	0
472	3	0
472	4	0
472	5	1
472	6	1
472	7	0
472	8	0
472	9	1
472	10	1
472	11	0
474	0	0
474	1	0
474	2	0
474	3	0
474	4	0
474	5	1
474	6	1
474	7	0
474	8	1
474	9	1
474	10	1
474	11	0
476	0	0
476	1	0
476	2	0
476	3	0
476	4	0
476	5	1
476	6	1
476	7	0
476	8	0
476	9	1
476	10	1
476	11	0
478	0	0
478	1	0
478	2	0
478	3	0
478	4	0
478	5	1
478	6	1
478	7	0
478	8	1
478	9	1
478	10	0
478	11	0
480	0	0
480	1	0
480	2	0
480	3	0
480	4	0
480	5	1
480	6	1
480	7	0
480	8	1
480	9	1
480	10	1
480	11	0
482	0	0
482	1	0
482	2	0
482	3	0
482	4	0
482	5	1
482	6	1
482	7	0
482	8	1
482	9	1
482	10	0
482	11	0
484	0	0
484	1	0
484	2	0
484	3	0
484	4	0
484	5	1
484	6	1
484	7	0
484	8	1
484	9	1
484	10	1
484	11	0
486	0	0
486	1	0
486	2	0
486	3	0
486	4	0
486	5	1
486	6	1
486	7	0
486	8	1
486	9	1
486	10	0
486	11	0
488	0	0
488	1	0
488	2	0
488	3	0
488	4	0
488	5	1
488	6	1
488	7	0
488	8	1
488	9	1
488	10	0
488	11	0
490	0	0
490	1	0
490	2	0
490	3	0
490	4	0
490	5	1
490	6	1
490	7	0
490	8	1
490	9	1
490	10	0
490	11	0
492	0	0
492	1	0
492	2	0
492	3	0
492	4	0
492	5	1
492	6	1
492	7	0
492	8	1
492	9	1
492	10	0
492	11	0
494	0	0
494	1	0
494	2	0
494	3	0
494	4	1
494	5	1
494	6	1
494	7	0
494	8	1
494	9	1
494	10	0
494	11	0
496	0	0
496	1	0
496	2	0
496	3	0
496	4	1
496	5	1
496	6	1
496	7	0
496	8	1
496	9	1
496	10	0
496	11	0
498	0	0
498	1	0
498	2	0
498	3	0
498	4	1
498	5	1
498	6	1
498	7	0
498	8	1
498	9	1
498	10	0
498	11	0
500	0	0
500	1	0
500	2	0
500	3	0
500	4	1
500	5	1
500	6	1
500	7	0
500	8	1
500	9	1
500	10	0
500	11	0
502	0	0
502	1	0
502	2	0
502	3	0
502	4	1
502	5	1
502	6	1
502	7	0
502	8	1
502	9	1
502	10	0
502	11	0
504	0	0
504	1	0
504	2	0
504	3	0
504	4	1
504	5	1
504	6	1
504	7	0
504	8	1
504	9	1
504	10	0
504	11	0
506	0	0
506	1	0
506	2	0
506	3	0
506	4	1
506	5	0
506	6	1
506	7	0
506	8	1
506	9	1
506	10	0
506	11	0
508	0	0
508	1	0
508	2	0
508	3	0
508	4	1
508	5	0
508	6	1
508	7	0
508	8	1
508	9	1
508	10	0
508	11	0
510	0	0
510	1	0
510	2	0
510	3	0
510	4	1
510	5	0
510	6	1
510	7	0
510	8	1
510	9	1
510	10	0
510	11	0
512	0	0
512	1	0
512	2	0
512	3	0
512	4	1
512	5	1
512	6	1
512	7	0
512	8	1
512	9	1
512	10	0
512	11	0
514	0	0
514	1	0
514	2	0
514	3	0
514	4	1
514	5	0
514	6	1
514	7	0
514	8	1
514	9	1
514	10	0
514	11	0
516	0	0
516	1	0
516	2	0
516	3	0
516	4	1
516	5	0
516	6	1
516	7	0
516	8	1
516	9	1
516	10	0
516	11	0
518	0	0
518	1	0
518	2	0
518	3	0
518	4	1
518	5	0
518	6	1
518	7	0
518	8	1
518	9	1
518	10	0
518	11	0
520	0	0
520	1	0
520	2	0
520	3	0
520	4	1
520	5	0
520	6	1
520	7	0
520	8	1
520	9	1
520	10	0
520	11	0
522	0	0
522	1	0
522	2	0
522	3	0
522	4	1
522	5	0
522	6	1
522	7	0
522	8	1
522	9	1
522	10	0
522	11	0
524	0	0
524	1	0
524	2	0
524	3	0
524	4	1
524	5	0
524	6	1
524	7	0
524	8	1
524	9	1
524	10	0
524	11	0
526	0	0
526	1	0
526	2	0
526	3	0
526	4	1
526	5	0
526	6	1
526	7	1
526	8	1
526	9	1
526	10	0
526	11	0
528	0	0
528	1	0
528	2	0
528	3	0
528	4	1
528	5	0
528	6	1
528	7	1
528	8	1
528	9	1
528	10	0
528	11	0
530	0	0
530	1	0
530	2	0
530	3	0
530	4	1
530	5	0
530	6	1
530	7	1
530	8	1
530	9	1
530	10	0
530	11	0
532	0	0
532	1	0
532	2	0
532	3	0
532	4	1
532	5	0
532	6	1
532	7	1
532	8	1
532	9	1
532	10	0
532	11	0
534	0	0
534	1	0
534	2	0
534	3	0
534	4	1
534	5	0
534	6	1
534	7	1
534	8	1
534	9	1
534	10	0
534	11	0
536	0	0
536	1	0
536	2	0
536	3	0
536	4	1
536	5	0
536	6	1
536	7	1
536	8	1
536	9	1
536	10	0
536	11	0
538	0	0
538	1	0
538	2	0
538	3	0
538	4	1
538	5	0
538	6	1
538	7	1
538	8	1
538	9	1
538	10	0
538	11	0
540	0	0
540	1	0
540	2	0
540	3	0
540	4	1
540	5	0
540	6	1
540	7	1
540	8	1
540	9	1
540	10	0
540	11	0
542	0	0
542	1	0
542	2	0
542	3	0
542	4	1
542	5	0
542	6	1
542	7	1
542	8	1
542	9	1
542	10	0
542	11	0
544	0	0
544	1	0
544	2	0
544	3	0
544	4	1
544	5	0
544	6	1
544	7	1
544	8	1
544	9	1
544	10	0
544	11	0
546	0	0
546	1	0
546	2	0
546	3	0
546	4	1
546	5	0
546	6	1
546	7	1
546	8	1
546	9	0
546	10	0
546	11	0
548	0	0
548	1	0
548	2	0
548	3	0
548	4	1
548	5	0
548	6	1
548	7	1
548	8	1
548	9	1
548	10	0
548	11	0
550	0	0
550	1	0
550	2	0
550	3	0
550	4	1
550	5	0
550	6	1
550	7	1
550	8	1
550	9	0
550	10	0
550	11	0
552	0	0
552	1	0
552	2	0
552	3	0
552	4	1
552	5	0
552	6	1
552	7	1
552	8	1
552	9	0
552	10	0
552	11	0
554	0	0
554	1	0
554	2	0
554	3	0
554	4	1
554	5	0
554	6	1
554	7	1
554	8	1
554	9	0
554	10	0
554	11	0
556	0	0
556	1	0
556	2	0
556	3	0
556	4	1
556	5	0
556	6	1
556	7	1
556	8	1
556	9	0
556	10	0
556	11	0
558	0	0
558	1	0
558	2	0
558	3	0
558	4	1
558	5	0
558	6	1
558	7	1
558	8	1
558	9	0
558	10	0
558	11	0
560	0	0
560	1	0
560	2	0
560	3	0
560	4	1
560	5	0
560	6	1
560	7	1
560	8	1
560	9	0
560	10	0
560	11	0
562	0	0
562	1	0
562	2	0
562	3	0
562	4	1
562	5	0
562	6	1
562	7	1
562	8	1
562	9	0
562	10	0
562	11	0
564	0	0
564	1	0
564	2	0
564	3	0
564	4	1
564	5	0
564	6	1
564	7	1
564	8	0
564	9	0
564	10	0
564	11	0
566	0	0
566	1	0
566	2	0
566	3	1
566	4	1
566	5	0
566	6	1
566	7	1
566	8	0
566	9	0
566	10	0
566	11	0
568	0	0
568	1	0
568	2	0
568	3	0
568	4	1
568	5	0
568	6	1
568	7	1
568	8	0
568	9	0
568	10	0
568	11	0
570	0	0
570	1	0
570	2	0
570	3	1
570	4	1
570	5	0
570	6	1
570	7	1
570	8	0
570	9	0
570	10	0
570	11	0
572	0	0
572	1	0
572	2	0
572	3	1
572	4	1
572	5	0
572	6	1
572	7	1
572	8	0
572	9	0
572	10	0
572	11	0
574	0	0
574	1	0
574	2	0
574	3	1
574	4	1
574	5	0
574	6	1
574	7	1
574	8	0
574	9	0
574	10	0
574	11	0
576	0	0
576	1	0
576	2	0
576	3	1
576	4	1
576	5	0
576	6	1
576	7	1
576	8	0
576	9	0
576	10	0
576	11	0
578	0	0
578	1	0
578	2	0
578	3	1
578	4	1
578	5	0
578	6	1
578	7	1
578	8	0
578	9	0
578	10	0
578	11	0
580	0	0
580	1	0
580	2	0
580	3	1
580	4	0
580	5	0
580	6	1
580	7	1
580	8	0
580	9	0
580	10	0
580	11	0
582	0	0
582	1	0
582	2	0
582	3	1
582	4	0
582	5	0
582	6	1
582	7	1
582	8	0
582	9	0
582	10	0
582	11	0
584	0	0
584	1	0
584	2	0
584	3	1
584	4	0
584	5	0
584	6	1
584	7	1
584	8	0
584	9	0
584	10	0
584	11	0
586	0	0
586	1	0
586	2	0
586	3	1
586	4	0
586	5	0
586	6	1
586	7	1
586	8	0
586	9	0
586	10	0
586	11	0
588	0	0
588	1	0
588	2	0
588	3	1
588	4	0
588	5	0
588	6	1
588	7	1
588	8	0
588	9	0
588	10	0
588	11	0
590	0	0
590	1	0
590	2	0
590	3	1
590	4	0
590	5	0
590	6	1
590	7	1
590	8	0
590	9	0
590	10	0
590	11	0
592	0	0
592	1	0
592	2	0
592	3	1
592	4	0
592	5	0
592	6	1
592	7	1
592	8	0
592	9	0
592	10	0
592	11	0
594	0	0
594	1	0
594	2	0
594	3	1
594	4	0
594	5	0
594	6	1
594	7	1
594	8	0
594	9	0
594	10	0
594	11	0
596	0	0
596	1	0
596	2	0
596	3	1
596	4	0
596	5	0
596	6	1
596	7	1
596	8	0
596	9	0
596	10	0
596	11	0
598	0	0
598	1	0
598	2	0
598	3	1
598	4	0
598	5	0
598	6	1
598	7	1
598	8	0
598	9	0
598	10	0
598	11	0
600	0	0
600	1	0
600	2	0
600	3	1
600	4	0
600	5	0
600	6	1
600	7	1
600	8	0
600	9	0
600	10	0
600	11	0
602	0	0
602	1	0
602	2	0
602	3	1
602	4	0
602	5	1
602	6	1
602	7	1
602	8	0
602	9	0
602	10	0
602	11	0
604	0	0
604	1	0
604	2	0
604	3	1
604	4	0
604	5	0
604	6	1
604	7	1
604	8	0
604	9	0
604	10	0
604	11	0
606	0	0
606	1	0
606	2	1
606	3	1
606	4	0
606	5	1
606	6	1
606	7	1
606	8	0
606	9	0
606	10	0
606	11	0
608	0	0
608	1	0
608	2	0
608	3	1
608	4	0
608	5	0
608	6	1
608	7	1
608	8	0
608	9	0
608	10	0
608	11	0
610	0	0
610	1	0
610	2	0
610	3	1
610	4	0
610	5	1
610	6	1
610	7	1
610	8	0
610	9	0
610	10	0
610	11	0
612	0	0
612	1	0
612	2	0
612	3	1
612	4	0
612	5	1
612	6	1
612	7	1
612	8	0
612	9	0
612	10	0
612	11	0
614	0	0
614	1	0
614	2	0
614	3	1
614	4	0
614	5	1
614	6	1
614	7	1
614	8	0
614	9	0
614	10	0
614	11	0
616	0	0
616	1	0
616	2	0
616	3	1
616	4	0
616	5	1
616	6	1
616	7	1
616	8	0
616	9	0
616	10	0
616	11	0
618	0	0
618	1	0
618	2	0
618	3	1
618	4	0
618	5	1
618	6	1
618	7	1
618	8	0
618	9	0
618	10	0
618	11	0
620	0	0
620	1	0
620	2	0
620	3	1
620	4	0
620	5	1
620	6	1
620	7	1
620	8	0
620	9	0
620	10	0
620	11	0
622	0	0
622	1	0
622	2	1
622	3	1
622	4	0
622	5	1
622	6	1
622	7	1
622	8	0
622	9	0
622	10	0
622	11	0
624	0	0
624	1	0
624	2	0
624	3	1
624	4	0
624	5	1
624	6	1
624	7	1
624	8	0
624	9	0
624	10	0
624	11	0
626	0	0
626	1	0
626	2	0
626	3	1
626	4	0
626	5	1
626	6	1
626	7	1
626	8	0
626	9	0
626	10	0
626	11	0
628	0	0
628	1	0
628	2	0
628	3	1
628	4	0
628	5	1
628	6	1
628	7	1
628	8	0
628	9	0
628	10	0
628	11	0
630	0	0
630	1	0
630	2	0
630	3	1
630	4	0
630	5	1
630	6	1
630	7	1
630	8	0
630	9	0
630	10	0
630	11	0
632	0	0
632	1	0
632	2	1
632	3	1
632	4	0
632	5	1
632	6	1
632	7	1
632	8	0
632	9	0
632	10	0
632	11	0
634	0	0
634	1	0
634	2	1
634	3	1
634	4	0
634	5	1
634	6	1
634	7	1
634	8	0
634	9	0
634	10	0
634	11	0
636	0	0
636	1	0
636	2	1
636	3	1
636	4	0
636	5	1
636	6	1
636	7	1
636	8	0
636	9	0
636	10	0
636	11	0
638	0	0
638	1	0
638	2	1
638	3	1
638	4	0
638	5	1
638	6	1
638	7	0
638	8	0
638	9	0
638	10	0
638	11	0
640	0	0
640	1	0
640	2	1
640	3	1
640	4	0
640	5	1
640	6	1
640	7	0
640	8	0
640	9	0
640	10	0
640	11	0
642	0	0
642	1	0
642	2	1
642	3	1
642	4	0
642	5	1
642	6	1
642	7	0
642	8	0
642	9	0
642	10	0
642	11	0
644	0	0
644	1	0
644	2	1
644	3	1
644	4	0
644	5	1
644	6	1
644	7	0
644	8	0
644	9	0
644	10	0
644	11	0
646	0	0
646	1	0
646	2	1
646	3	1
646	4	0
646	5	1
646	6	1
646	7	0
646	8	0
646	9	0
646	10	0
646	11	0
648	0	0
648	1	0
648	2	1
648	3	1
648	4	0
648	5	1
648	6	1
648	7	0
648	8	0
648	9	0
648	10	0
648	11	0
650	0	0
650	1	0
650	2	1
650	3	1
650	4	0
650	5	1
650	6	1
650	7	0
650	8	0
650	9	0
650	10	0
650	11	0
652	0	0
652	1	0
652	2	1
652	3	1
652	4	0
652	5	1
652	6	1
652	7	0
652	8	0
652	9	0
652	10	0
652	11	0
654	0	0
654	1	0
654	2	1
654	3	1
654	4	0
654	5	1
654	6	1
654	7	0
654	8	0
654	9	0
654	10	0
654	11	0
656	0	0
656	1	0
656	2	1
656	3	1
656	4	1
656	5	1
656	6	1
656	7	0
656	8	0
656	9	0
656	10	0
656	11	0
658	0	0
658	1	0
658	2	1
658	3	1
658	4	0
658	5	1
658	6	1
658	7	0
658	8	0
658	9	0
658	10	0
658	11	0
660	0	0
660	1	0
660	2	1
660	3	1
660	4	1
660	5	1
660	6	1
660	7	0
660	8	0
660	9	0
660	10	0
660	11	0
662	0	0
662	1	0
662	2	1
662	3	1
662	4	1
662	5	1
662	6	1
662	7	0
662	8	0
662	9	0
662	10	0
662	11	0
664	0	0
664	1	0
664	2	1
664	3	1
664	4	1
664	5	1
664	6	1
664	7	0
664	8	0
664	9	0
664	10	0
664	11	0
666	0	0
666	1	0
666	2	1
666	3	1
666	4	1
666	5	1
666	6	1
666	7	0
666	8	0
666	9	0
666	10	0
666	11	0
668	0	0
668	1	0
668	2	1
668	3	1
668	4	1
668	5	1
668	6	1
668	7	0
668	8	0
668	9	0
668	10	0
668	11	0
670	0	0
670	1	0
670	2	1
670	3	1
670	4	1
670	5	1
670	6	1
670	7	0
670	8	0
670	9	0
670	10	0
670	11	0
672	0	0
672	1	0
672	2	1
672	3	1
672	4	1
672	5	1
672	6	1
672	7	0
672	8	0
672	9	0
672	10	0
672	11	0
674	0	0
674	1	0
674	2	1
674	3	1
674	4	1
674	5	1
674	6	1
674	7	0
674	8	0
674	9	0
674	10	0
674	11	0
676	0	0
676	1	0
676	2	1
676	3	1
676	4	1
676	5	1
676	6	0
676	7	0
676	8	0
676	9	0
676	10	0
676	11	0
678	0	0
678	1	0
678	2	1
678	3	1
678	4	1
678	5	1
678	6	0
678	7	0
678	8	0
678	9	0
678	10	0
678	11	0
680	0	0
680	1	0
680	2	1
680	3	1
680	4	1
680	5	1
680	6	0
680	7	0
680	8	0
680	9	0
680	10	0
680	11	0
682	0	0
682	1	0
682	2	1
682	3	1
682	4	1
682	5	1
682	6	0
682	7	0
682	8	0
682	9	0
682	10	0
682	11	0
684	0	0
684	1	0
684	2	1
684	3	1
684	4	1
684	5	1
684	6	0
684	7	0
684	8	0
684	9	0
684	10	0
684	11	0
686	0	0
686	1	0
686	2	1
686	3	1
686	4	1
686	5	1
686	6	0
686	7	0
686	8	0
686	9	0
686	10	0
686	11	0
688	0	0
688	1	0
688	2	1
688	3	1
688	4	1
688	5	1
688	6	0
688	7	0
688	8	0
688	9	0
688	10	0
688	11	0
690	0	0
690	1	0
690	2	1
690	3	1
690	4	1
690	5	1
690	6	0
690	7	0
690	8	0
690	9	0
690	10	0
690	11	0
692	0	0
692	1	0
692	2	1
692	3	1
692	4	1
692	5	1
692	6	0
692	7	0
692	8	0
692	9	0
692	10	0
692	11	0
694	0	0
694	1	0
694	2	1
694	3	1
694	4	1
694	5	1
694	6	0
694	7	0
694	8	0
694	9	0
694	10	0
694	11	0
696	0	0
696	1	0
696	2	1
696	3	1
696	4	1
696	5	1
696	6	0
696	7	0
696	8	0
696	9	0
696	10	0
696	11	0
698	0	0
698	1	0
698	2	1
698	3	1
698	4	1
698	5	1
698	6	0
698	7	0
698	8	0
698	9	0
698	10	0
698	11	0
700	0	0
700	1	0
700	2	1
700	3	1
700	4	1
700	5	1
700	6	0
700	7	0
700	8	0
700	9	0
700	10	0
700	11	0
702	0	0
702	1	0
702	2	1
702	3	1
702	4	1
702	5	1
702	6	0
702	7	0
702	8	0
702	9	0
702	10	0
702	11	0
704	0	0
704	1	0
704	2	1
704	3	1
704	4	1
704	5	1
704	6	0
704	7	0
704	8	0
704	9	0
704	10	0
704	11	0
706	0	0
706	1	0
706	2	1
706	3	1
706	4	1
706	5	1
706	6	0
706	7	0
706	8	0
706	9	0
706	10	0
706	11	0
708	0	0
708	1	0
708	2	1
708	3	1
708	4	1
708	5	1
708	6	0
708	7	0
708	8	0
708	9	0
708	10	0
708	11	0
710	0	0
710	1	0
710	2	1
710	3	1
710	4	1
710	5	1
710	6	0
710	7	0
710	8	0
710	9	0
710	10	0
710	11	0
712	0	0
712	1	0
712	2	1
712	3	1
712	4	1
712	5	1
712	6	0
712	7	0
712	8	0
712	9	0
712	10	0
712	11	0
714	0	0
714	1	0
714	2	1
714	3	1
714	4	1
714	5	0
714	6	0
714	7	0
714	8	0
714	9	0
714	10	0
714	11	0
716	0	0
716	1	0
716	2	1
716	3	1
716	4	1
716	5	1
716	6	0
716	7	0
716	8	0
716	9	0
716	10	0
716	11	0
718	0	0
718	1	0
718	2	1
718	3	1
718	4	1
718	5	0
718	6	0
718	7	0
718	8	0
718	9	0
718	10	0
718	11	0
720	0	0
720	1	0
720	2	1
720	3	1
720	4	1
720	5	0
720	6	0
720	7	0
720	8	0
720	9	0
720	10	0
720	11	0
722	0	0
722	1	0
722	2	1
722	3	1
722	4	1
722	5	0
722	6	0
722	7	0
722	8	0
722	9	0
722	10	0
722	11	0
724	0	0
724	1	0
724	2	1
724	3	1
724	4	1
724	5	0
724	6	0
724	7	0
724	8	0
724	9	0
724	10	0
724	11	0
726	0	0
726	1	0
726	2	1
726	3	1
726	4	1
726	5	0
726	6	0
726	7	0
726	8	0
726	9	0
726	10	0
726	11	0
728	0	0
728	1	0
728	2	1
728	3	1
728	4	1
728	5	0
728	6	0
728	7	0
728	8	0
728	9	0
728	10	0
728	11	0
730	0	0
730	1	0
730	2	1
730	3	1
730	4	1
730	5	0
730	6	0
730	7	0
730	8	0
730	9	0
730	10	0
730	11	0
732	0	0
732	1	0
732	2	1
732	3	1
732	4	1
732	5	0
732	6	0
732	7	0
732	8	0
732	9	0
732	10	0
732	11	0
734	0	0
734	1	0
734	2	1
734	3	1
734	4	1
734	5	0
734	6	0
734	7	0
734	8	0
734	9	0
734	10	0
734	11	0
736	0	0
736	1	0
736	2	1
736	3	1
736	4	1
736	5	0
736	6	0
736	7	0
736	8	0
736	9	0
736	10	0
736	11	0
738	0	0
738	1	0
738	2	1
738	3	1
738	4	1
738	5	0
738	6	0
738	7	0
738	8	0
738	9	0
738	10	0
738	11	0
740	0	0
740	1	0
740	2	1
740	3	1
740	4	1
740	5	0
740	6	0
740	7	0
740	8	0
740	9	0
740	10	0
740	11	0
742	0	0
742	1	0
742	2	1
742	3	1
742	4	1
742	5	0
742	6	0
742	7	0
742	8	0
742	9	0
742	10	0
742	11	0
744	0	0
744	1	0
744	2	1
744	3	1
744	4	1
744	5	0
744	6	0
744	7	0
744	8	0
744	9	0
744	10	0
744	11	0
746	0	0
746	1	0
746	2	1
746	3	1
746	4	1
746	5	0
746	6	0
746	7	0
746	8	0
746	9	0
746	10	0
746	11	0
748	0	0
748	1	0
748	2	1
748	3	1
748	4	1
748	5	0
748	6	0
748	7	0
748	8	0
748	9	0
748	10	0
748	11	0
750	0	0
750	1	0
750	2	1
750	3	1
750	4	1
750	5	0
750	6	0
750	7	0
750	8	0
750	9	0
750	10	0
750	11	0
752	0	0
752	1	0
752	2	1
752	3	1
752	4	1
752	5	0
752	6	0
752	7	0
752	8	0
752	9	0
752	10	0
752	11	0
754	0	0
754	1	0
754	2	1
754	3	1
754	4	1
754	5	0
754	6	0
754	7	0
754	8	0
754	9	0
754	10	0
754	11	0
756	0	0
756	1	0
756	2	1
756	3	1
756	4	1
756	5	0
756	6	0
756	7	0
756	8	0
756	9	0
756	10	0
756	11	0
758	0	0
758	1	0
758	2	1
758	3	1
758	4	1
758	5	0
758	6	0
758	7	0
758	8	0
758	9	0
758	10	0
758	11	0
760	0	0
760	1	0
760	2	1
760	3	1
760	4	1
760	5	0
760	6	0
760	7	0
760	8	0
760	9	0
760	10	0
760	11	0
762	0	0
762	1	0
762	2	1
762	3	1
762	4	1
762	5	0
762	6	0
762	7	0
762	8	0
762	9	0
762	10	0
762	11	0
764	0	0
764	1	0
764	2	1
764	3	0
764	4	1
764	5	0
764	6	0
764	7	0
764	8	0
764	9	0
764	10	0
764	11	0
766	0	0
766	1	0
766	2	1
766	3	1
766	4	1
766	5	0
766	6	0
766	7	0
766	8	0
766	9	0
766	10	0
766	11	0
768	0	0
768	1	0
768	2	1
768	3	0
768	4	0
768	5	0
768	6	0
768	7	0
768	8	0
768	9	0
768	10	0
768	11	0
770	0	0
770	1	0
770	2	1
770	3	1
770	4	1
770	5	0
770	6	0
770	7	0
770	8	0
770	9	0
770	10	0
770	11	0
772	0	0
772	1	0
772	2	1
772	3	1
772	4	1
772	5	0
772	6	0
772	7	0
772	8	0
772	9	0
772	10	0
772	11	0
774	0	0
774	1	0
774	2	1
774	3	1
774	4	0
774	5	0
774	6	0
774	7	0
774	8	0
774	9	0
774	10	0
774	11	0
776	0	0
776	1	0
776	2	1
776	3	1
776	4	1
776	5	0
776	6	0
776	7	0
776	8	0
776	9	0
776	10	0
776	11	0
778	0	0
778	1	0
778	2	1
778	3	1
778	4	1
778	5	0
778	6	0
778	7	0
778	8	0
778	9	0
778	10	0
778	11	0
780	0	0
780	1	0
780	2	1
780	3	1
780	4	0
780	5	0
780	6	0
780	7	0
780	8	0
780	9	0
780	10	0
780	11	0
782	0	0
782	1	0
782	2	1
782	3	1
782	4	0
782	5	0
782	6	0
782	7	0
782	8	0
782	9	0
782	10	0
782	11	0
784	0	0
784	1	0
784	2	1
784	3	0
784	4	0
784	5	0
784	6	0
784	7	0
784	8	0
784	9	0
784	10	0
784	11	0
786	0	0
786	1	0
786	2	1
786	3	0
786	4	0
786	5	0
786	6	0
786	7	0
786	8	0
786	9	0
786	10	0
786	11	0
788	0	0
788	1	0
788	2	1
788	3	0
788	4	0
788	5	0
788	6	0
788	7	0
788	8	0
788	9	0
788	10	0
788	11	0
790	0	0
790	1	0
790	2	1
790	3	1
790	4	0
790	5	0
790	6	0
790	7	0
790	8	0
790	9	0
790	10	0
790	11	0
792	0	0
792	1	0
792	2	1
792	3	1
792	4	0
792	5	0
792	6	0
792	7	0
792	8	0
792	9	0
792	10	0
792	11	0
794	0	0
794	1	0
794	2	1
794	3	1
794	4	0
794	5	0
794	6	0
794	7	0
794	8	0
794	9	0
794	10	0
794	11	0
796	0	0
796	1	0
796	2	1
796	3	1
796	4	0
796	5	0
796	6	0
796	7	0
796	8	0
796	9	0
796	10	0
796	11	0
798	0	0
798	1	0
798	2	1
798	3	1
798	4	0
798	5	0
798	6	0
798	7	0
798	8	0
798	9	0
798	10	0
798	11	0
800	0	0
800	1	0
800	2	1
800	3	1
800	4	0
800	5	0
800	6	0
800	7	0
800	8	0
800	9	0
800	10	0
800	11	0
802	0	0
802	1	0
802	2	1
802	3	1
802	4	0
802	5	0
802	6	0
802	7	0
802	8	0
802	9	0
802	10	0
802	11	0
804	0	0
804	1	0
804	2	1
804	3	1
804	4	0
804	5	0
804	6	0
804	7	0
804	8	0
804	9	0
804	10	0
804	11	0
806	0	0
806	1	0
806	2	1
806	3	1
806	4	0
806	5	0
806	6	0
806	7	0
806	8	0
806	9	0
806	10	0
806	11	0
808	0	0
808	1	0
808	2	1
808	3	1
808	4	0
808	5	0
808	6	0
808	7	0
808	8	0
808	9	0
808	10	0
808	11	0
810	0	0
810	1	0
810	2	1
810	3	1
810	4	0
810	5	0
810	6	0
810	7	0
810	8	0
810	9	0
810	10	0
810	11	0
812	0	0
812	1	1
812	2	1
812	3	1
812	4	0
812	5	0
812	6	0
812	7	0
812	8	0
812	9	0
812	10	0
812	11	0
814	0	0
814	1	1
814	2	1
814	3	1
814	4	1
814	5	0
814	6	0
814	7	0
814	8	0
814	9	0
814	10	0
814	11	0
816	0	0
816	1	1
816	2	1
816	3	1
816	4	1
816	5	0
816	6	0
816	7	0
816	8	0
816	9	0
816	10	0
816	11	0
818	0	0
818	1	1
818	2	1
818	3	1
818	4	1
818	5	0
818	6	0
818	7	0
818	8	0
818	9	0
818	10	0
818	11	0
820	0	0
820	1	1
820	2	0
820	3	1
820	4	1
820	5	0
820	6	0
820	7	0
820	8	0
820	9	0
820	10	0
820	11	0
822	0	0
822	1	1
822	2	1
822	3	1
822	4	1
822	5	0
822	6	0
822	7	0
822	8	0
822	9	0
822	10	0
822	11	0
824	0	0
824	1	1
824	2	0
824	3	0
824	4	1
824	5	0
824	6	0
824	7	0
824	8	0
824	9	0
824	10	0
824	11	0
826	0	0
826	1	1
826	2	0
826	3	1
826	4	1
826	5	0
826	6	0
826	7	0
826	8	0
826	9	0
826	10	0
826	11	0
828	0	0
828	1	1
828	2	0
828	3	0
828	4	1
828	5	0
828	6	0
828	7	0
828	8	0
828	9	0
828	10	0
828	11	0
830	0	0
830	1	1
830	2	0
830	3	0
830	4	1
830	5	0
830	6	0
830	7	0
830	8	0
830	9	0
830	10	0
830	11	0
832	0	0
832	1	1
832	2	0
832	3	0
832	4	1
832	5	0
832	6	0
832	7	0
832	8	0
832	9	0
832	10	0
832	11	0
834	0	0
834	1	1
834	2	0
834	3	0
834	4	1
834	5	0
834	6	0
834	7	0
834	8	0
834	9	0
834	10	0
834	11	0
836	0	0
836	1	1
836	2	0
836	3	0
836	4	1
836	5	0
836	6	0
836	7	0
836	8	0
836	9	0
836	10	0
836	11	0
838	0	0
838	1	1
838	2	0
838	3	0
838	4	1
838	5	0
838	6	0
838	7	0
838	8	0
838	9	0
838	10	0
838	11	0
840	0	0
840	1	1
840	2	0
840	3	0
840	4	1
840	5	0
840	6	0
840	7	0
840	8	0
840	9	0
840	10	0
840	11	0
842	0	0
842	1	1
842	2	0
842	3	0
842	4	1
842	5	0
842	6	0
842	7	0
842	8	0
842	9	0
842	10	0
842	11	0
844	0	0
844	1	1
844	2	0
844	3	0
844	4	1
844	5	0
844	6	0
844	7	0
844	8	0
844	9	0
844	10	0
844	11	0
846	0	0
846	1	1
846	2	0
846	3	0
846	4	1
846	5	0
846	6	0
846	7	0
846	8	0
846	9	0
846	10	0
846	11	0
848	0	0
848	1	1
848	2	0
848	3	0
848	4	1
848	5	0
848	6	0
848	7	0
848	8	0
848	9	0
848	10	0
848	11	0
850	0	0
850	1	1
850	2	0
850	3	0
850	4	1
850	5	0
850	6	0
850	7	0
850	8	0
850	9	0
850	10	0
850	11	0
852	0	0
852	1	1
852	2	0
852	3	0
852	4	1
852	5	0
852	6	0
852	7	0
852	8	0
852	9	0
852	10	0
852	11	0
854	0	0
854	1	1
854	2	0
854	3	0
854	4	1
854	5	0
854	6	0
854	7	0
854	8	0
854	9	0
854	10	0
854	11	0
856	0	0
856	1	1
856	2	0
856	3	0
856	4	1
856	5	0
856	6	0
856	7	0
856	8	0
856	9	0
856	10	0
856	11	0
858	0	0
858	1	1
858	2	1
858	3	0
858	4	1
858	5	0
858	6	0
858	7	0
858	8	0
858	9	0
858	10	0
858	11	0
860	0	0
860	1	1
860	2	0
860	3	0
860	4	1
860	5	1
860	6	0
860	7	0
860	8	0
860	9	0
860	10	0
860	11	0
862	0	0
862	1	1
862	2	1
862	3	0
862	4	1
862	5	1
862	6	0
862	7	0
862	8	0
862	9	0
862	10	0
862	11	0
864	0	0
864	1	1
864	2	1
864	3	0
864	4	0
864	5	1
864	6	0
864	7	0
864	8	0
864	9	0
864	10	0
864	11	0
866	0	0
866	1	1
866	2	1
866	3	0
866	4	0
866	5	1
866	6	0
866	7	0
866	8	0
866	9	0
866	10	0
866	11	0
868	0	0
868	1	1
868	2	1
868	3	0
868	4	1
868	5	1
868	6	0
868	7	0
868	8	0
868	9	0
868	10	0
868	11	0
870	0	0
870	1	1
870	2	1
870	3	0
870	4	1
870	5	1
870	6	0
870	7	0
870	8	0
870	9	0
870	10	0
870	11	0
872	0	1
872	1	1
872	2	1
872	3	0
872	4	0
872	5	1
872	6	0
872	7	0
872	8	0
872	9	0
872	10	0
872	11	0
874	0	0
874	1	1
874	2	1
874	3	0
874	4	0
874	5	1
874	6	0
874	7	0
874	8	0
874	9	0
874	10	0
874	11	0
876	0	1
876	1	1
876	2	1
876	3	1
876	4	0
876	5	1
876	6	0
876	7	0
876	8	0
876	9	0
876	10	0
876	11	0
878	0	1
878	1	1
878	2	1
878	3	1
878	4	0
878	5	1
878	6	1
878	7	0
878	8	0
878	9	0
878	10	0
878	11	0
880	0	1
880	1	0
880	2	1
880	3	1
880	4	0
880	5	1
880	6	0
880	7	0
880	8	0
880	9	0
880	10	0
880	11	0
882	0	1
882	1	0
882	2	1
882	3	1
882	4	0
882	5	1
882	6	1
882	7	0
882	8	0
882	9	0
882	10	0
882	11	0
884	0	1
884	1	0
884	2	1
884	3	1
884	4	0
884	5	1
884	6	0
884	7	0
884	8	0
884	9	0
884	10	0
884	11	0
886	0	1
886	1	0
886	2	0
886	3	1
886	4	0
886	5	1
886	6	1
886	7	0
886	8	0
886	9	0
886	10	0
886	11	0
888	0	1
888	1	1
888	2	0
888	3	1
888	4	0
888	5	1
888	6	1
888	7	0
888	8	0
888	9	0
888	10	0
888	11	0
890	0	1
890	1	0
890	2	0
890	3	1
890	4	0
890	5	1
890	6	1
890	7	0
890	8	0
890	9	0
890	10	0
890	11	0
892	0	1
892	1	0
892	2	0
892	3	1
892	4	0
892	5	1
892	6	1
892	7	0
892	8	0
892	9	0
892	10	0
892	11	0
894	0	1
894	1	0
894	2	1
894	3	1
894	4	0
894	5	1
894	6	1
894	7	0
894	8	0
894	9	0
894	10	0
894	11	0
896	0	1
896	1	0
896	2	0
896	3	1
896	4	0
896	5	1
896	6	1
896	7	0
896	8	0
896	9	0
896	10	0
896	11	0
898	0	1
898	1	0
898	2	1
898	3	1
898	4	0
898	5	1
898	6	1
898	7	0
898	8	0
898	9	0
898	10	0
898	11	0
900	0	1
900	1	0
900	2	0
900	3	1
900	4	0
900	5	0
900	6	1
900	7	0
900	8	0
900	9	0
900	10	0
900	11	0
902	0	1
902	1	0
902	2	0
902	3	1
902	4	0
902	5	0
902	6	1
902	7	0
902	8	0
902	9	0
902	10	0
902	11	1
904	0	1
904	1	0
904	2	0
904	3	1
904	4	0
904	5	0
904	6	1
904	7	0
904	8	0
904	9	0
904	10	0
904	11	0
906	0	1
906	1	0
906	2	0
906	3	1
906	4	0
906	5	0
906	6	1
906	7	0
906	8	0
906	9	0
906	10	0
906	11	1
908	0	1
908	1	0
908	2	0
908	3	1
908	4	0
908	5	0
908	6	1
908	7	0
908	8	0
908	9	0
908	10	0
908	11	0
910	0	1
910	1	0
910	2	0
910	3	1
910	4	0
910	5	0
910	6	1
910	7	1
910	8	0
910	9	0
910	10	0
910	11	0
912	0	1
912	1	0
912	2	0
912	3	1
912	4	0
912	5	0
912	6	1
912	7	1
912	8	0
912	9	0
912	10	0
912	11	0
914	0	1
914	1	0
914	2	0
914	3	1
914	4	0
914	5	0
914	6	1
914	7	1
914	8	0
914	9	0
914	10	0
914	11	1
916	0	1
916	1	0
916	2	0
916	3	1
916	4	0
916	5	0
916	6	1
916	7	1
916	8	0
916	9	0
916	10	0
916	11	0
918	0	1
918	1	0
918	2	0
918	3	1
918	4	0
918	5	0
918	6	1
918	7	1
918	8	0
918	9	0
918	10	0
918	11	0
920	0	1
920	1	0
920	2	0
920	3	1
920	4	0
920	5	0
920	6	0
920	7	1
920	8	0
920	9	0
920	10	0
920	11	1
922	0	1
922	1	0
922	2	0
922	3	1
922	4	0
922	5	0
922	6	0
922	7	1
922	8	0
922	9	0
922	10	0
922	11	0
924	0	1
924	1	0
924	2	0
924	3	1
924	4	0
924	5	0
924	6	0
924	7	1
924	8	0
924	9	0
924	10	0
924	11	1
926	0	1
926	1	0
926	2	0
926	3	1
926	4	0
926	5	0
926	6	0
926	7	1
926	8	0
926	9	0
926	10	0
926	11	1
928	0	1
928	1	0
928	2	0
928	3	1
928	4	0
928	5	0
928	6	0
928	7	1
928	8	0
928	9	0
928	10	0
928	11	1
930	0	1
930	1	0
930	2	0
930	3	1
930	4	0
930	5	0
930	6	0
930	7	1
930	8	0
930	9	0
930	10	0
930	11	1
932	0	1
932	1	0
932	2	0
932	3	1
932	4	0
932	5	0
932	6	0
932	7	1
932	8	0
932	9	0
932	10	0
932	11	1
934	0	0
934	1	0
934	2	0
934	3	1
934	4	0
934	5	0
934	6	0
934	7	1
934	8	0
934	9	0
934	10	0
934	11	1
936	0	0
936	1	0
936	2	0
936	3	1
936	4	0
936	5	0
936	6	0
936	7	1
936	8	0
936	9	0
936	10	0
936	11	1
938	0	0
938	1	0
938	2	0
938	3	1
938	4	0
938	5	0
938	6	0
938	7	1
938	8	0
938	9	0
938	10	0
938	11	1
940	0	0
940	1	0
940	2	0
940	3	1
940	4	0
940	5	0
940	6	0
940	7	1
940	8	0
940	9	0
940	10	0
940	11	1
942	0	0
942	1	0
942	2	0
942	3	1
942	4	0
942	5	0
942	6	0
942	7	1
942	8	0
942	9	0
942	10	0
942	11	1
944	0	0
944	1	0
944	2	0
944	3	1
944	4	0
944	5	0
944	6	0
944	7	1
944	8	0
944	9	0
944	10	0
944	11	1
946	0	0
946	1	0
946	2	0
946	3	1
946	4	0
946	5	0
946	6	0
946	7	1
946	8	0
946	9	0
946	10	0
946	11	1
948	0	0
948	1	0
948	2	0
948	3	1
948	4	0
948	5	0
948	6	0
948	7	1
948	8	0
948	9	0
948	10	0
948	11	1
950	0	0
950	1	0
950	2	0
950	3	1
950	4	0
950	5	0
950	6	0
950	7	1
950	8	0
950	9	0
950	10	0
950	11	1
952	0	0
952	1	0
952	2	0
952	3	1
952	4	0
952	5	0
952	6	0
952	7	1
952	8	1
952	9	0
952	10	0
952	11	1
954	0	0
954	1	0
954	2	0
954	3	1
954	4	0
954	5	0
954	6	0
954	7	1
954	8	0
954	9	0
954	10	0
954	11	1
956	0	0
956	1	0
956	2	0
956	3	1
956	4	0
956	5	0
956	6	0
956	7	1
956	8	1
956	9	0
956	10	0
956	11	1
958	0	0
958	1	0
958	2	0
958	3	1
958	4	0
958	5	0
958	6	0
958	7	1
958	8	1
958	9	0
958	10	0
958	11	1
960	0	0
960	1	0
960	2	0
960	3	1
960	4	0
960	5	0
960	6	0
960	7	1
960	8	1
960	9	0
960	10	0
960	11	1
962	0	0
962	1	0
962	2	0
962	3	1
962	4	0
962	5	0
962	6	0
962	7	1
962	8	1
962	9	0
962	10	1
962	11	1
964	0	0
964	1	0
964	2	1
964	3	1
964	4	0
964	5	0
964	6	0
964	7	1
964	8	1
964	9	0
964	10	0
964	11	1
966	0	0
966	1	0
966	2	0
966	3	1
966	4	0
966	5	0
966	6	0
966	7	0
966	8	1
966	9	1
966	10	0
966	11	1
968	0	0
968	1	0
968	2	1
968	3	1
968	4	0
968	5	0
968	6	0
968	7	0
968	8	1
968	9	0
968	10	0
968	11	1
970	0	0
970	1	0
970	2	0
970	3	1
970	4	0
970	5	0
970	6	0
970	7	0
970	8	1
970	9	1
970	10	0
970	11	1
972	0	0
972	1	0
972	2	1
972	3	1
972	4	0
972	5	0
972	6	0
972	7	0
972	8	1
972	9	1
972	10	0
972	11	0
974	0	0
974	1	0
974	2	0
974	3	1
974	4	0
974	5	0
974	6	0
974	7	0
974	8	1
974	9	1
974	10	1
974	11	0
976	0	0
976	1	0
976	2	1
976	3	1
976	4	0
976	5	0
976	6	0
976	7	0
976	8	1
976	9	1
976	10	0
976	11	0
978	0	0
978	1	0
978	2	1
978	3	1
978	4	0
978	5	0
978	6	0
978	7	0
978	8	1
978	9	1
978	10	1
978	11	0
980	0	0
980	1	0
980	2	1
980	3	1
980	4	0
980	5	0
980	6	0
980	7	0
980	8	1
980	9	1
980	10	0
980	11	0
982	0	0
982	1	0
982	2	1
982	3	1
982	4	0
982	5	0
982	6	0
982	7	0
982	8	1
982	9	1
982	10	1
982	11	0
984	0	0
984	1	0
984	2	1
984	3	1
984	4	0
984	5	0
984	6	0
984	7	0
984	8	1
984	9	1
984	10	1
984	11	0
986	0	0
986	1	0
986	2	1
986	3	1
986	4	0
986	5	0
986	6	0
986	7	0
986	8	0
986	9	1
986	10	1
986	11	0
988	0	0
988	1	0
988	2	1
988	3	1
988	4	0
988	5	0
988	6	0
988	7	0
988	8	0
988	9	1
988	10	1
988	11	0
990	0	0
990	1	0
990	2	1
990	3	1
990	4	0
990	5	0
990	6	0
990	7	0
990	8	0
990	9	1
990	10	1
990	11	0
992	0	0
992	1	0
992	2	1
992	3	1
992	4	0
992	5	0
992	6	0
992	7	0
992	8	0
992	9	1
992	10	1
992	11	0
994	0	0
994	1	0
994	2	1
994	3	1
994	4	0
994	5	0
994	6	0
994	7	0
994	8	0
994	9	1
994	10	1
994	11	0
996	0	0
996	1	0
996	2	1
996	3	1
996	4	0
996	5	0
996	6	0
996	7	0
996	8	0
996	9	1
996	10	1
996	11	0
998	0	0
998	1	0
998	2	1
998	3	1
998	4	0
998	5	0
998	6	0
998	7	0
998	8	0
998	9	1
998	10	1
998	11	0
1000	0	0
1000	1	1
1000	2	1
1000	3	1
1000	4	0
1000	5	0
1000	6	0
1000	7	0
1000	8	0
1000	9	1
1000	10	1
1000	11	0
1002	0	0
1002	1	0
1002	2	1
1002	3	1
1002	4	0
1002	5	0
1002	6	0
1002	7	0
1002	8	0
1002	9	1
1002	10	1
1002	11	0
1004	0	0
1004	1	0
1004	2	1
1004	3	0
1004	4	0
1004	5	0
1004	6	0
1004	7	0
1004	8	0
1004	9	1
1004	10	1
1004	11	0
1006	0	0
1006	1	0
1006	2	1
1006	3	0
1006	4	0
1006	5	0
1006	6	0
1006	7	0
1006	8	0
1006	9	1
1006	10	1
1006	11	0
1008	0	0
1008	1	0
1008	2	1
1008	3	0
1008	4	0
1008	5	0
1008	6	0
1008	7	0
1008	8	0
1008	9	1
1008	10	1
1008	11	0
1010	0	0
1010	1	0
1010	2	1
1010	3	0
1010	4	0
1010	5	0
1010	6	0
1010	7	0
1010	8	0
1010	9	1
1010	10	1
1010	11	0
1012	0	0
1012	1	0
1012	2	1
1012	3	0
1012	4	0
1012	5	0
1012	6	0
1012	7	0
1012	8	0
1012	9	1
1012	10	1
1012	11	0
1014	0	0
1014	1	1
1014	2	1
1014	3	0
1014	4	0
1014	5	0
1014	6	0
1014	7	0
1014	8	0
1014	9	1
1014	10	1
1014	11	0
1016	0	0
1016	1	1
1016	2	0
1016	3	0
1016	4	0
1016	5	0
1016	6	0
1016	7	0
1016	8	0
1016	9	1
1016	10	1
1016	11	0
1018	0	0
1018	1	1
1018	2	1
1018	3	0
1018	4	0
1018	5	0
1018	6	0
1018	7	0
1018	8	0
1018	9	1
1018	10	1
1018	11	0
1020	0	0
1020	1	1
1020	2	0
1020	3	0
1020	4	0
1020	5	0
1020	6	0
1020	7	0
1020	8	0
1020	9	1
1020	10	1
1020	11	0
1022	0	0
1022	1	1
1022	2	0
1022	3	0
1022	4	0
1022	5	0
1022	6	0
1022	7	0
1022	8	0
1022	9	1
1022	10	1
1022	11	0
1024	0	0
1024	1	1
1024	2	1
1024	3	0
1024	4	0
1024	5	0
1024	6	0
1024	7	0
1024	8	0
1024	9	0
1024	10	1
1024	11	0
1026	0	0
1026	1	1
1026	2	0
1026	3	0
1026	4	0
1026	5	0
1026	6	0
1026	7	0
1026	8	0
1026	9	0
1026	10	1
1026	11	0
1028	0	0
1028	1	1
1028	2	0
1028	3	0
1028	4	0
1028	5	0
1028	6	0
1028	7	0
1028	8	0
1028	9	0
1028	10	1
1028	11	0
1030	0	0
1030	1	1
1030	2	0
1030	3	0
1030	4	0
1030	5	0
1030	6	0
1030	7	0
1030	8	0
1030	9	1
1030	10	1
1030	11	0
1032	0	0
1032	1	1
1032	2	0
1032	3	0
1032	4	0
1032	5	0
1032	6	0
1032	7	0
1032	8	0
1032	9	0
1032	10	1
1032	11	0
1034	0	0
1034	1	1
1034	2	0
1034	3	0
1034	4	0
1034	5	0
1034	6	0
1034	7	0
1034	8	0
1034	9	1
1034	10	1
1034	11	0
1036	0	0
1036	1	1
1036	2	0
1036	3	0
1036	4	0
1036	5	0
1036	6	0
1036	7	0
1036	8	0
1036	9	0
1036	10	1
1036	11	0
1038	0	0
1038	1	1
1038	2	0
1038	3	0
1038	4	0
1038	5	0
1038	6	0
1038	7	0
1038	8	0
1038	9	1
1038	10	1
1038	11	0
1040	0	0
1040	1	1
1040	2	0
1040	3	0
1040	4	0
1040	5	0
1040	6	0
1040	7	0
1040	8	0
1040	9	0
1040	10	1
1040	11	0
1042	0	0
1042	1	1
1042	2	0
1042	3	0
1042	4	0
1042	5	0
1042	6	0
1042	7	0
1042	8	0
1042	9	1
1042	10	1
1042	11	0
1044	0	0
1044	1	1
1044	2	0
1044	3	0
1044	4	0
1044	5	0
1044	6	0
1044	7	0
1044	8	0
1044	9	1
1044	10	1
1044	11	0
1046	0	0
1046	1	1
1046	2	0
1046	3	0
1046	4	0
1046	5	0
1046	6	0
1046	7	0
1046	8	0
1046	9	1
1046	10	1
1046	11	0
1048	0	0
1048	1	1
1048	2	0
1048	3	0
1048	4	0
1048	5	0
1048	6	0
1048	7	0
1048	8	0
1048	9	1
1048	10	1
1048	11	1
1050	0	0
1050	1	1
1050	2	0
1050	3	0
1050	4	0
1050	5	0
1050	6	0
1050	7	0
1050	8	0
1050	9	1
1050	10	1
1050	11	1
1052	0	0
1052	1	1
1052	2	0
1052	3	0
1052	4	0
1052	5	0
1052	6	0
1052	7	0
1052	8	0
1052	9	1
1052	10	1
1052	11	1
1054	0	0
1054	1	1
1054	2	0
1054	3	0
1054	4	0
1054	5	0
1054	6	0
1054	7	0
1054	8	0
1054	9	1
1054	10	1
1054	11	1
1056	0	0
1056	1	1
1056	2	0
1056	3	0
1056	4	0
1056	5	0
1056	6	0
1056	7	0
1056	8	0
1056	9	1
1056	10	0
1056	11	1
1058	0	0
1058	1	1
1058	2	0
1058	3	0
1058	4	0
1058	5	0
1058	6	0
1058	7	0
1058	8	0
1058	9	1
1058	10	0
1058	11	1
1060	0	0
1060	1	1
1060	2	0
1060	3	0
1060	4	0
1060	5	0
1060	6	0
1060	7	0
1060	8	1
1060	9	1
1060	10	0
1060	11	1
1062	0	0
1062	1	1
1062	2	0
1062	3	0
1062	4	0
1062	5	0
1062	6	0
1062	7	0
1062	8	0
1062	9	1
1062	10	1
1062	11	1
1064	0	0
1064	1	1
1064	2	0
1064	3	0
1064	4	0
1064	5	0
1064	6	0
1064	7	0
1064	8	1
1064	9	1
1064	10	0
1064	11	1
1066	0	0
1066	1	1
1066	2	0
1066	3	0
1066	4	0
1066	5	0
1066	6	0
1066	7	0
1066	8	1
1066	9	1
1066	10	0
1066	11	1
1068	0	0
1068	1	1
1068	2	0
1068	3	0
1068	4	0
1068	5	0
1068	6	0
1068	7	0
1068	8	1
1068	9	1
1068	10	0
1068	11	1
1070	0	0
1070	1	1
1070	2	0
1070	3	0
1070	4	0
1070	5	0
1070	6	0
1070	7	0
1070	8	1
1070	9	1
1070	10	0
1070	11	1
1072	0	0
1072	1	1
1072	2	0
1072	3	0
1072	4	0
1072	5	0
1072	6	0
1072	7	0
1072	8	1
1072	9	1
1072	10	0
1072	11	1
1074	0	0
1074	1	1
1074	2	0
1074	3	0
1074	4	0
1074	5	0
1074	6	0
1074	7	0
1074	8	1
1074	9	1
1074	10	0
1074	11	1
1076	0	0
1076	1	1
1076	2	0
1076	3	0
1076	4	0
1076	5	0
1076	6	0
1076	7	0
1076	8	1
1076	9	1
1076	10	0
1076	11	1
1078	0	0
1078	1	1
1078	2	0
1078	3	0
1078	4	0
1078	5	0
1078	6	0
1078	7	0
1078	8	1
1078	9	1
1078	10	0
1078	11	1
1080	0	0
1080	1	1
1080	2	0
1080	3	0
1080	4	0
1080	5	0
1080	6	0
1080	7	0
1080	8	1
1080	9	1
1080	10	0
1080	11	1
1082	0	0
1082	1	1
1082	2	0
1082	3	0
1082	4	0
1082	5	0
1082	6	0
1082	7	0
1082	8	1
1082	9	1
1082	10	0
1082	11	1
1084	0	0
1084	1	1
1084	2	0
1084	3	0
1084	4	0
1084	5	0
1084	6	0
1084	7	0
1084	8	1
1084	9	1
1084	10	0
1084	11	1
1086	0	0
1086	1	1
1086	2	0
1086	3	0
1086	4	0
1086	5	0
1086	6	0
1086	7	0
1086	8	1
1086	9	1
1086	10	0
1086	11	1
1088	0	0
1088	1	1
1088	2	0
1088	3	0
1088	4	0
1088	5	0
1088	6	0
1088	7	0
1088	8	1
1088	9	1
1088	10	0
1088	11	1
1090	0	0
1090	1	1
1090	2	0
1090	3	0
1090	4	0
1090	5	0
1090	6	0
1090	7	0
1090	8	1
1090	9	1
1090	10	0
1090	11	1
1092	0	0
1092	1	1
1092	2	0
1092	3	0
1092	4	0
1092	5	0
1092	6	0
1092	7	0
1092	8	1
1092	9	1
1092	10	0
1092	11	1
1094	0	0
1094	1	1
1094	2	0
1094	3	0
1094	4	0
1094	5	0
1094	6	0
1094	7	0
1094	8	1
1094	9	1
1094	10	0
1094	11	1
1096	0	0
1096	1	1
1096	2	0
1096	3	0
1096	4	0
1096	5	0
1096	6	0
1096	7	0
1096	8	1
1096	9	1
1096	10	0
1096	11	1
1098	0	1
1098	1	1
1098	2	0
1098	3	0
1098	4	0
1098	5	0
1098	6	0
1098	7	0
1098	8	1
1098	9	1
1098	10	0
1098	11	1
1100	0	0
1100	1	1
1100	2	0
1100	3	0
1100	4	0
1100	5	0
1100	6	0
1100	7	0
1100	8	1
1100	9	1
1100	10	0
1100	11	1
1102	0	0
1102	1	1
1102	2	0
1102	3	0
1102	4	0
1102	5	0
1102	6	0
1102	7	1
1102	8	1
1102	9	1
1102	10	0
1102	11	1
1104	0	1
1104	1	1
1104	2	0
1104	3	0
1104	4	0
1104	5	0
1104	6	0
1104	7	0
1104	8	1
1104	9	0
1104	10	0
1104	11	1
1106	0	1
1106	1	1
1106	2	0
1106	3	0
1106	4	0
1106	5	0
1106	6	0
1106	7	0
1106	8	1
1106	9	1
1106	10	0
1106	11	1
1108	0	1
1108	1	1
1108	2	0
1108	3	0
1108	4	0
1108	5	0
1108	6	0
1108	7	1
1108	8	1
1108	9	0
1108	10	0
1108	11	0
1110	0	1
1110	1	1
1110	2	0
1110	3	0
1110	4	0
1110	5	0
1110	6	0
1110	7	0
1110	8	1
1110	9	0
1110	10	0
1110	11	1
1112	0	1
1112	1	1
1112	2	0
1112	3	0
1112	4	0
1112	5	0
1112	6	0
1112	7	1
1112	8	1
1112	9	0
1112	10	0
1112	11	0
1114	0	1
1114	1	1
1114	2	0
1114	3	0
1114	4	0
1114	5	0
1114	6	0
1114	7	1
1114	8	1
1114	9	0
1114	10	0
1114	11	0
1116	0	1
1116	1	1
1116	2	0
1116	3	0
1116	4	0
1116	5	0
1116	6	0
1116	7	1
1116	8	1
1116	9	0
1116	10	0
1116	11	0
1118	0	1
1118	1	1
1118	2	0
1118	3	0
1118	4	0
1118	5	0
1118	6	0
1118	7	1
1118	8	1
1118	9	0
1118	10	0
1118	11	0
1120	0	1
1120	1	1
1120	2	0
1120	3	0
1120	4	0
1120	5	0
1120	6	0
1120	7	1
1120	8	0
1120	9	0
1120	10	0
1120	11	0
1122	0	1
1122	1	1
1122	2	0
1122	3	0
1122	4	0
1122	5	0
1122	6	0
1122	7	1
1122	8	1
1122	9	0
1122	10	0
1122	11	0
1124	0	1
1124	1	1
1124	2	0
1124	3	0
1124	4	0
1124	5	0
1124	6	0
1124	7	1
1124	8	0
1124	9	0
1124	10	0
1124	11	0
1126	0	1
1126	1	1
1126	2	0
1126	3	0
1126	4	0
1126	5	0
1126	6	0
1126	7	1
1126	8	0
1126	9	0
1126	10	0
1126	11	0
1128	0	1
1128	1	1
1128	2	0
1128	3	0
1128	4	0
1128	5	0
1128	6	0
1128	7	1
1128	8	0
1128	9	0
1128	10	0
1128	11	0
1130	0	1
1130	1	1
1130	2	0
1130	3	0
1130	4	0
1130	5	0
1130	6	0
1130	7	1
1130	8	0
1130	9	0
1130	10	0
1130	11	0
1132	0	1
1132	1	1
1132	2	0
1132	3	0
1132	4	0
1132	5	0
1132	6	0
1132	7	1
1132	8	0
1132	9	0
1132	10	0
1132	11	0
1134	0	1
1134	1	1
1134	2	0
1134	3	0
1134	4	0
1134	5	0
1134	6	0
1134	7	1
1134	8	0
1134	9	0
1134	10	0
1134	11	0
1136	0	1
1136	1	1
1136	2	0
1136	3	0
1136	4	0
1136	5	0
1136	6	0
1136	7	1
1136	8	0
1136	9	0
1136	10	0
1136	11	0
1138	0	0
1138	1	1
1138	2	0
1138	3	0
1138	4	0
1138	5	0
1138	6	0
1138	7	1
1138	8	0
1138	9	0
1138	10	0
1138	11	0
1140	0	0
1140	1	1
1140	2	0
1140	3	0
1140	4	0
1140	5	0
1140	6	0
1140	7	1
1140	8	0
1140	9	0
1140	10	0
1140	11	0
1142	0	0
1142	1	1
1142	2	0
1142	3	0
1142	4	0
1142	5	0
1142	6	0
1142	7	1
1142	8	0
1142	9	0
1142	10	0
1142	11	0
1144	0	0
1144	1	1
1144	2	0
1144	3	0
1144	4	0
1144	5	0
1144	6	0
1144	7	1
1144	8	0
1144	9	0
1144	10	0
1144	11	0
1146	0	0
1146	1	1
1146	2	0
1146	3	0
1146	4	0
1146	5	0
1146	6	0
1146	7	1
1146	8	0
1146	9	0
1146	10	0
1146	11	0
1148	0	0
1148	1	1
1148	2	0
1148	3	0
1148	4	0
1148	5	0
1148	6	0
1148	7	1
1148	8	0
1148	9	0
1148	10	0
1148	11	0
1150	0	0
1150	1	1
1150	2	1
1150	3	0
1150	4	0
1150	5	0
1150	6	0
1150	7	1
1150	8	0
1150	9	0
1150	10	0
1150	11	0
1152	0	0
1152	1	1
1152	2	1
1152	3	0
1152	4	0
1152	5	0
1152	6	0
1152	7	1
1152	8	0
1152	9	0
1152	10	0
1152	11	0
1154	0	0
1154	1	1
1154	2	1
1154	3	0
1154	4	0
1154	5	0
1154	6	0
1154	7	1
1154	8	0
1154	9	0
1154	10	0
1154	11	0
1156	0	0
1156	1	1
1156	2	1
1156	3	0
1156	4	0
1156	5	0
1156	6	0
1156	7	1
1156	8	0
1156	9	0
1156	10	0
1156	11	0
1158	0	0
1158	1	1
1158	2	1
1158	3	0
1158	4	0
1158	5	0
1158	6	0
1158	7	1
1158	8	0
1158	9	0
1158	10	0
1158	11	0
1160	0	0
1160	1	1
1160	2	1
1160	3	0
1160	4	0
1160	5	0
1160	6	0
1160	7	1
1160	8	0
1160	9	0
1160	10	0
1160	11	0
1162	0	0
1162	1	1
1162	2	1
1162	3	0
1162	4	0
1162	5	0
1162	6	1
1162	7	1
1162	8	0
1162	9	0
1162	10	0
1162	11	0
1164	0	0
1164	1	0
1164	2	1
1164	3	0
1164	4	0
1164	5	0
1164	6	0
1164	7	1
1164	8	0
1164	9	0
1164	10	0
1164	11	0
1166	0	0
1166	1	0
1166	2	1
1166	3	0
1166	4	0
1166	5	0
1166	6	0
1166	7	1
1166	8	0
1166	9	0
1166	10	0
1166	11	0
1168	0	0
1168	1	0
1168	2	1
1168	3	0
1168	4	0
1168	5	0
1168	6	1
1168	7	1
1168	8	0
1168	9	0
1168	10	0
1168	11	0
1170	0	0
1170	1	0
1170	2	1
1170	3	0
1170	4	0
1170	5	0
1170	6	1
1170	7	1
1170	8	0
1170	9	0
1170	10	0
1170	11	0
1172	0	0
1172	1	1
1172	2	1
1172	3	0
1172	4	0
1172	5	0
1172	6	1
1172	7	1
1172	8	0
1172	9	0
1172	10	0
1172	11	0
1174	0	0
1174	1	0
1174	2	1
1174	3	0
1174	4	0
1174	5	0
1174	6	1
1174	7	1
1174	8	0
1174	9	0
1174	10	0
1174	11	0
1176	0	0
1176	1	0
1176	2	1
1176	3	1
1176	4	0
1176	5	0
1176	6	1
1176	7	1
1176	8	0
1176	9	0
1176	10	0
1176	11	0
1178	0	0
1178	1	0
1178	2	1
1178	3	0
1178	4	0
1178	5	0
1178	6	1
1178	7	1
1178	8	0
1178	9	0
1178	10	0
1178	11	0
1180	0	0
1180	1	0
1180	2	1
1180	3	1
1180	4	0
1180	5	0
1180	6	1
1180	7	1
1180	8	0
1180	9	0
1180	10	0
1180	11	0
1182	0	0
1182	1	0
1182	2	1
1182	3	0
1182	4	0
1182	5	0
1182	6	1
1182	7	0
1182	8	0
1182	9	0
1182	10	0
1182	11	0
1184	0	0
1184	1	0
1184	2	1
1184	3	1
1184	4	0
1184	5	0
1184	6	1
1184	7	0
1184	8	0
1184	9	0
1184	10	0
1184	11	0
1186	0	0
1186	1	0
1186	2	1
1186	3	0
1186	4	0
1186	5	0
1186	6	1
1186	7	0
1186	8	0
1186	9	0
1186	10	0
1186	11	0
1188	0	0
1188	1	0
1188	2	1
1188	3	1
1188	4	0
1188	5	0
1188	6	1
1188	7	0
1188	8	0
1188	9	0
1188	10	0
1188	11	0
1190	0	0
1190	1	0
1190	2	1
1190	3	1
1190	4	0
1190	5	0
1190	6	1
1190	7	0
1190	8	0
1190	9	0
1190	10	0
1190	11	0
1192	0	0
1192	1	0
1192	2	1
1192	3	1
1192	4	0
1192	5	0
1192	6	1
1192	7	0
1192	8	0
1192	9	0
1192	10	0
1192	11	0
1194	0	0
1194	1	0
1194	2	1
1194	3	1
1194	4	0
1194	5	1
1194	6	1
1194	7	0
1194	8	0
1194	9	0
1194	10	0
1194	11	0
1196	0	0
1196	1	0
1196	2	1
1196	3	1
1196	4	0
1196	5	0
1196	6	1
1196	7	0
1196	8	0
1196	9	0
1196	10	0
1196	11	0
1198	0	0
1198	1	0
1198	2	1
1198	3	1
1198	4	0
1198	5	1
1198	6	1
1198	7	0
1198	8	0
1198	9	0
1198	10	0
1198	11	0
1200	0	0
1200	1	0
1200	2	1
1200	3	1
1200	4	0
1200	5	1
1200	6	1
1200	7	0
1200	8	0
1200	9	0
1200	10	0
1200	11	0
1202	0	0
1202	1	0
1202	2	1
1202	3	1
1202	4	0
1202	5	1
1202	6	1
1202	7	0
1202	8	0
1202	9	0
1202	10	0
1202	11	0
1204	0	0
1204	1	0
1204	2	1
1204	3	1
1204	4	0
1204	5	1
1204	6	1
1204	7	0
1204	8	0
1204	9	0
1204	10	0
1204	11	0
1206	0	0
1206	1	0
1206	2	1
1206	3	1
1206	4	0
1206	5	1
1206	6	1
1206	7	0
1206	8	0
1206	9	0
1206	10	0
1206	11	0
1208	0	0
1208	1	0
1208	2	1
1208	3	1
1208	4	0
1208	5	1
1208	6	1
1208	7	0
1208	8	0
1208	9	0
1208	10	0
1208	11	0
1210	0	0
1210	1	0
1210	2	1
1210	3	1
1210	4	0
1210	5	1
1210	6	1
1210	7	0
1210	8	0
1210	9	0
1210	10	0
1210	11	0
1212	0	0
1212	1	0
1212	2	0
1212	3	1
1212	4	0
1212	5	1
1212	6	1
1212	7	0
1212	8	0
1212	9	0
1212	10	0
1212	11	0
1214	0	0
1214	1	0
1214	2	0
1214	3	1
1214	4	0
1214	5	1
1214	6	1
1214	7	0
1214	8	0
1214	9	0
1214	10	0
1214	11	0
1216	0	0
1216	1	0
1216	2	0
1216	3	1
1216	4	0
1216	5	1
1216	6	1
1216	7	0
1216	8	0
1216	9	0
1216	10	0
1216	11	0
1218	0	0
1218	1	0
1218	2	0
1218	3	1
1218	4	0
1218	5	1
1218	6	1
1218	7	0
1218	8	0
1218	9	0
1218	10	0
1218	11	0
1220	0	0
1220	1	0
1220	2	1
1220	3	1
1220	4	0
1220	5	1
1220	6	1
1220	7	0
1220	8	0
1220	9	0
1220	10	0
1220	11	0
1222	0	0
1222	1	0
1222	2	0
1222	3	1
1222	4	0
1222	5	1
1222	6	1
1222	7	0
1222	8	0
1222	9	0
1222	10	0
1222	11	0
1224	0	0
1224	1	0
1224	2	1
1224	3	1
1224	4	0
1224	5	1
1224	6	1
1224	7	0
1224	8	0
1224	9	0
1224	10	0
1224	11	0
1226	0	0
1226	1	0
1226	2	0
1226	3	1
1226	4	0
1226	5	1
1226	6	1
1226	7	0
1226	8	0
1226	9	0
1226	10	0
1226	11	0
1228	0	0
1228	1	0
1228	2	0
1228	3	1
1228	4	0
1228	5	1
1228	6	1
1228	7	0
1228	8	0
1228	9	0
1228	10	0
1228	11	0
1230	0	0
1230	1	0
1230	2	0
1230	3	1
1230	4	0
1230	5	1
1230	6	0
1230	7	0
1230	8	0
1230	9	0
1230	10	0
1230	11	0
1232	0	0
1232	1	1
1232	2	0
1232	3	1
1232	4	0
1232	5	1
1232	6	0
1232	7	0
1232	8	0
1232	9	0
1232	10	0
1232	11	0
1234	0	0
1234	1	1
1234	2	0
1234	3	1
1234	4	0
1234	5	1
1234	6	0
1234	7	0
1234	8	0
1234	9	0
1234	10	0
1234	11	0
1236	0	0
1236	1	1
1236	2	0
1236	3	1
1236	4	1
1236	5	1
1236	6	0
1236	7	0
1236	8	0
1236	9	0
1236	10	0
1236	11	0
1238	0	0
1238	1	1
1238	2	0
1238	3	1
1238	4	0
1238	5	1
1238	6	0
1238	7	0
1238	8	0
1238	9	0
1238	10	0
1238	11	0
1240	0	0
1240	1	1
1240	2	0
1240	3	1
1240	4	0
1240	5	1
1240	6	0
1240	7	0
1240	8	0
1240	9	0
1240	10	0
1240	11	0
1242	0	0
1242	1	1
1242	2	0
1242	3	1
1242	4	0
1242	5	1
1242	6	0
1242	7	0
1242	8	0
1242	9	0
1242	10	0
1242	11	0
1244	0	0
1244	1	1
1244	2	0
1244	3	1
1244	4	0
1244	5	1
1244	6	0
1244	7	0
1244	8	0
1244	9	0
1244	10	0
1244	11	0
1246	0	0
1246	1	1
1246	2	0
1246	3	1
1246	4	0
1246	5	1
1246	6	0
1246	7	0
1246	8	0
1246	9	0
1246	10	0
1246	11	0
1248	0	0
1248	1	1
1248	2	0
1248	3	1
1248	4	1
1248	5	1
1248	6	0
1248	7	0
1248	8	0
1248	9	0
1248	10	0
1248	11	0
1250	0	0
1250	1	1
1250	2	0
1250	3	1
1250	4	1
1250	5	1
1250	6	0
1250	7	0
1250	8	0
1250	9	0
1250	10	0
1250	11	0
1252	0	0
1252	1	1
1252	2	0
1252	3	0
1252	4	1
1252	5	1
1252	6	0
1252	7	0
1252	8	0
1252	9	0
1252	10	0
1252	11	0
1254	0	0
1254	1	1
1254	2	0
1254	3	1
1254	4	1
1254	5	1
1254	6	0
1254	7	0
1254	8	0
1254	9	0
1254	10	0
1254	11	0
1256	0	0
1256	1	1
1256	2	0
1256	3	0
1256	4	1
1256	5	1
1256	6	0
1256	7	0
1256	8	0
1256	9	0
1256	10	0
1256	11	0
1258	0	0
1258	1	1
1258	2	0
1258	3	0
1258	4	1
1258	5	0
1258	6	0
1258	7	0
1258	8	0
1258	9	0
1258	10	0
1258	11	0
1260	0	0
1260	1	1
1260	2	0
1260	3	1
1260	4	1
1260	5	1
1260	6	0
1260	7	0
1260	8	0
1260	9	0
1260	10	0
1260	11	0
1262	0	0
1262	1	1
1262	2	0
1262	3	1
1262	4	1
1262	5	0
1262	6	0
1262	7	0
1262	8	0
1262	9	0
1262	10	0
1262	11	0
1264	0	0
1264	1	1
1264	2	0
1264	3	1
1264	4	1
1264	5	0
1264	6	0
1264	7	0
1264	8	0
1264	9	0
1264	10	0
1264	11	0
1266	0	0
1266	1	1
1266	2	0
1266	3	0
1266	4	1
1266	5	0
1266	6	0
1266	7	0
1266	8	0
1266	9	0
1266	10	0
1266	11	0
1268	0	0
1268	1	1
1268	2	0
1268	3	1
1268	4	1
1268	5	0
1268	6	0
1268	7	0
1268	8	0
1268	9	0
1268	10	0
1268	11	0
1270	0	0
1270	1	1
1270	2	0
1270	3	0
1270	4	1
1270	5	0
1270	6	0
1270	7	0
1270	8	0
1270	9	0
1270	10	0
1270	11	0
1272	0	0
1272	1	1
1272	2	0
1272	3	0
1272	4	1
1272	5	0
1272	6	0
1272	7	0
1272	8	0
1272	9	0
1272	10	0
1272	11	0
1274	0	1
1274	1	1
1274	2	0
1274	3	0
1274	4	1
1274	5	0
1274	6	0
1274	7	0
1274	8	0
1274	9	0
1274	10	0
1274	11	0
1276	0	0
1276	1	1
1276	2	0
1276	3	0
1276	4	1
1276	5	0
1276	6	0
1276	7	0
1276	8	0
1276	9	0
1276	10	0
1276	11	0
1278	0	1
1278	1	1
1278	2	0
1278	3	1
1278	4	1
1278	5	0
1278	6	0
1278	7	0
1278	8	0
1278	9	0
1278	10	0
1278	11	0
1280	0	1
1280	1	1
1280	2	0
1280	3	0
1280	4	1
1280	5	0
1280	6	0
1280	7	0
1280	8	0
1280	9	0
1280	10	0
1280	11	0
1282	0	1
1282	1	1
1282	2	0
1282	3	0
1282	4	1
1282	5	0
1282	6	0
1282	7	0
1282	8	0
1282	9	0
1282	10	0
1282	11	0
1284	0	1
1284	1	1
1284	2	0
1284	3	0
1284	4	1
1284	5	0
1284	6	0
1284	7	0
1284	8	0
1284	9	0
1284	10	0
1284	11	0
1286	0	1
1286	1	1
1286	2	0
1286	3	0
1286	4	1
1286	5	0
1286	6	0
1286	7	0
1286	8	0
1286	9	0
1286	10	0
1286	11	0
1288	0	1
1288	1	1
1288	2	0
1288	3	0
1288	4	1
1288	5	0
1288	6	0
1288	7	0
1288	8	0
1288	9	0
1288	10	0
1288	11	0
1290	0	1
1290	1	1
1290	2	0
1290	3	0
1290	4	1
1290	5	0
1290	6	0
1290	7	0
1290	8	0
1290	9	0
1290	10	0
1290	11	0
1292	0	1
1292	1	1
1292	2	0
1292	3	0
1292	4	1
1292	5	0
1292	6	0
1292	7	0
1292	8	0
1292	9	0
1292	10	0
1292	11	0
1294	0	1
1294	1	0
1294	2	0
1294	3	0
1294	4	1
1294	5	0
1294	6	0
1294	7	0
1294	8	0
1294	9	0
1294	10	0
1294	11	0
1296	0	1
1296	1	0
1296	2	0
1296	3	0
1296	4	1
1296	5	0
1296	6	0
1296	7	0
1296	8	0
1296	9	0
1296	10	0
1296	11	0
1298	0	1
1298	1	0
1298	2	0
1298	3	0
1298	4	1
1298	5	0
1298	6	0
1298	7	0
1298	8	0
1298	9	0
1298	10	0
1298	11	0
1300	0	1
1300	1	0
1300	2	0
1300	3	0
1300	4	1
1300	5	0
1300	6	0
1300	7	0
1300	8	0
1300	9	0
1300	10	0
1300	11	0
1302	0	1
1302	1	0
1302	2	0
1302	3	0
1302	4	1
1302	5	0
1302	6	0
1302	7	0
1302	8	0
1302	9	0
1302	10	0
1302	11	0
1304	0	1
1304	1	0
1304	2	0
1304	3	0
1304	4	1
1304	5	0
1304	6	0
1304	7	0
1304	8	0
1304	9	0
1304	10	0
1304	11	0
1306	0	1
1306	1	0
1306	2	0
1306	3	0
1306	4	1
1306	5	0
1306	6	0
1306	7	0
1306	8	0
1306	9	0
1306	10	0
1306	11	0
1308	0	1
1308	1	0
1308	2	0
1308	3	0
1308	4	1
1308	5	0
1308	6	0
1308	7	0
1308	8	0
1308	9	0
1308	10	0
1308	11	0
1310	0	1
1310	1	0
1310	2	0
1310	3	0
1310	4	1
1310	5	0
1310	6	0
1310	7	0
1310	8	0
1310	9	0
1310	10	0
1310	11	0
1312	0	1
1312	1	0
1312	2	0
1312	3	0
1312	4	1
1312	5	0
1312	6	0
1312	7	0
1312	8	0
1312	9	0
1312	10	0
1312	11	0
1314	0	1
1314	1	0
1314	2	0
1314	3	0
1314	4	1
1314	5	0
1314	6	0
1314	7	0
1314	8	0
1314	9	0
1314	10	0
1314	11	1
1316	0	1
1316	1	0
1316	2	0
1316	3	0
1316	4	1
1316	5	0
1316	6	0
1316	7	0
1316	8	0
1316	9	0
1316	10	0
1316	11	0
1318	0	1
1318	1	0
1318	2	0
1318	3	0
1318	4	1
1318	5	1
1318	6	0
1318	7	0
1318	8	0
1318	9	0
1318	10	0
1318	11	1
1320	0	1
1320	1	0
1320	2	0
1320	3	0
1320	4	1
1320	5	0
1320	6	0
1320	7	0
1320	8	0
1320	9	0
1320	10	0
1320	11	0
1322	0	1
1322	1	0
1322	2	0
1322	3	0
1322	4	1
1322	5	1
1322	6	0
1322	7	0
1322	8	0
1322	9	0
1322	10	0
1322	11	0
1324	0	1
1324	1	0
1324	2	0
1324	3	0
1324	4	1
1324	5	1
1324	6	0
1324	7	0
1324	8	0
1324	9	0
1324	10	0
1324	11	1
1326	0	1
1326	1	0
1326	2	0
1326	3	0
1326	4	1
1326	5	1
1326	6	0
1326	7	0
1326	8	0
1326	9	0
1326	10	0
1326	11	0
1328	0	1
1328	1	0
1328	2	0
1328	3	0
1328	4	1
1328	5	1
1328	6	0
1328	7	0
1328	8	0
1328	9	0
1328	10	0
1328	11	1
1330	0	1
1330	1	0
1330	2	0
1330	3	0
1330	4	1
1330	5	1
1330	6	0
1330	7	0
1330	8	0
1330	9	0
1330	10	0
1330	11	0
1332	0	1
1332	1	0
1332	2	0
1332	3	0
1332	4	1
1332	5	1
1332	6	0
1332	7	0
1332	8	0
1332	9	0
1332	10	0
1332	11	1
1334	0	1
1334	1	0
1334	2	0
1334	3	0
1334	4	1
1334	5	1
1334	6	0
1334	7	0
1334	8	0
1334	9	0
1334	10	0
1334	11	1
1336	0	0
1336	1	0
1336	2	0
1336	3	0
1336	4	1
1336	5	1
1336	6	0
1336	7	0
1336	8	0
1336	9	0
1336	10	0
1336	11	1
1338	0	0
1338	1	0
1338	2	0
1338	3	0
1338	4	1
1338	5	1
1338	6	0
1338	7	0
1338	8	0
1338	9	0
1338	10	0
1338	11	1
1340	0	0
1340	1	0
1340	2	0
1340	3	0
1340	4	1
1340	5	1
1340	6	1
1340	7	0
1340	8	0
1340	9	0
1340	10	0
1340	11	1
1342	0	0
1342	1	0
1342	2	0
1342	3	1
1342	4	1
1342	5	1
1342	6	0
1342	7	0
1342	8	0
1342	9	0
1342	10	0
1342	11	1
1344	0	0
1344	1	0
1344	2	0
1344	3	0
1344	4	1
1344	5	1
1344	6	0
1344	7	0
1344	8	0
1344	9	0
1344	10	0
1344	11	1
1346	0	0
1346	1	0
1346	2	0
1346	3	1
1346	4	1
1346	5	1
1346	6	0
1346	7	0
1346	8	0
1346	9	0
1346	10	0
1346	11	1
1348	0	0
1348	1	0
1348	2	0
1348	3	0
1348	4	1
1348	5	1
1348	6	1
1348	7	0
1348	8	0
1348	9	0
1348	10	0
1348	11	1
1350	0	0
1350	1	0
1350	2	0
1350	3	1
1350	4	0
1350	5	1
1350	6	0
1350	7	0
1350	8	0
1350	9	0
1350	10	0
1350	11	1
1352	0	0
1352	1	0
1352	2	0
1352	3	1
1352	4	0
1352	5	1
1352	6	1
1352	7	0
1352	8	0
1352	9	0
1352	10	0
1352	11	1
1354	0	0
1354	1	0
1354	2	0
1354	3	1
1354	4	0
1354	5	1
1354	6	1
1354	7	0
1354	8	0
1354	9	0
1354	10	0
1354	11	1
1356	0	0
1356	1	0
1356	2	0
1356	3	1
1356	4	0
1356	5	1
1356	6	1
1356	7	0
1356	8	0
1356	9	0
1356	10	0
1356	11	1
1358	0	0
1358	1	0
1358	2	0
1358	3	1
1358	4	1
1358	5	0
1358	6	1
1358	7	0
1358	8	0
1358	9	0
1358	10	0
1358	11	1
1360	0	0
1360	1	0
1360	2	0
1360	3	1
1360	4	0
1360	5	0
1360	6	1
1360	7	0
1360	8	0
1360	9	0
1360	10	0
1360	11	1
1362	0	0
1362	1	0
1362	2	0
1362	3	1
1362	4	0
1362	5	0
1362	6	1
1362	7	0
1362	8	0
1362	9	0
1362	10	0
1362	11	1
1364	0	0
1364	1	0
1364	2	0
1364	3	1
1364	4	0
1364	5	0
1364	6	1
1364	7	0
1364	8	0
1364	9	0
1364	10	0
1364	11	1
1366	0	0
1366	1	0
1366	2	0
1366	3	0
1366	4	0
1366	5	0
1366	6	1
1366	7	0
1366	8	0
1366	9	0
1366	10	0
1366	11	1
1368	0	0
1368	1	0
1368	2	0
1368	3	1
1368	4	0
1368	5	0
1368	6	1
1368	7	0
1368	8	0
1368	9	0
1368	10	0
1368	11	1
1370	0	0
1370	1	0
1370	2	0
1370	3	1
1370	4	0
1370	5	0
1370	6	1
1370	7	1
1370	8	0
1370	9	0
1370	10	0
1370	11	1
1372	0	0
1372	1	0
1372	2	0
1372	3	1
1372	4	0
1372	5	0
1372	6	1
1372	7	1
1372	8	0
1372	9	0
1372	10	0
1372	11	1
1374	0	0
1374	1	0
1374	2	0
1374	3	1
1374	4	0
1374	5	0
1374	6	1
1374	7	1
1374	8	0
1374	9	0
1374	10	0
1374	11	1
1376	0	0
1376	1	0
1376	2	0
1376	3	1
1376	4	0
1376	5	0
1376	6	1
1376	7	1
1376	8	0
1376	9	0
1376	10	1
1376	11	1
1378	0	0
1378	1	0
1378	2	0
1378	3	1
1378	4	0
1378	5	0
1378	6	1
1378	7	1
1378	8	0
1378	9	0
1378	10	0
1378	11	1
1380	0	0
1380	1	0
1380	2	0
1380	3	1
1380	4	0
1380	5	0
1380	6	1
1380	7	1
1380	8	0
1380	9	0
1380	10	0
1380	11	1
1382	0	0
1382	1	0
1382	2	0
1382	3	1
1382	4	0
1382	5	0
1382	6	1
1382	7	1
1382	8	0
1382	9	0
1382	10	0
1382	11	1
1384	0	0
1384	1	0
1384	2	0
1384	3	0
1384	4	0
1384	5	0
1384	6	1
1384	7	1
1384	8	0
1384	9	0
1384	10	1
1384	11	1
1386	0	0
1386	1	0
1386	2	0
1386	3	0
1386	4	0
1386	5	0
1386	6	0
1386	7	1
1386	8	0
1386	9	0
1386	10	0
1386	11	1
1388	0	0
1388	1	0
1388	2	1
1388	3	0
1388	4	0
1388	5	0
1388	6	0
1388	7	1
1388	8	0
1388	9	0
1388	10	1
1388	11	1
1390	0	0
1390	1	0
1390	2	0
1390	3	0
1390	4	0
1390	5	0
1390	6	0
1390	7	1
1390	8	0
1390	9	0
1390	10	1
1390	11	1
1392	0	0
1392	1	0
1392	2	1
1392	3	1
1392	4	0
1392	5	0
1392	6	0
1392	7	1
1392	8	0
1392	9	0
1392	10	1
1392	11	0
1394	0	0
1394	1	0
1394	2	0
1394	3	0
1394	4	0
1394	5	0
1394	6	0
1394	7	1
1394	8	0
1394	9	0
1394	10	1
1394	11	0
1396	0	0
1396	1	0
1396	2	0
1396	3	1
1396	4	0
1396	5	0
1396	6	0
1396	7	1
1396	8	0
1396	9	0
1396	10	1
1396	11	0
1398	0	0
1398	1	0
1398	2	1
1398	3	0
1398	4	0
1398	5	0
1398	6	0
1398	7	1
1398	8	0
1398	9	0
1398	10	1
1398	11	0
1400	0	0
1400	1	0
1400	2	0
1400	3	0
1400	4	0
1400	5	0
1400	6	0
1400	7	1
1400	8	0
1400	9	0
1400	10	1
1400	11	0
1402	0	0
1402	1	0
1402	2	1
1402	3	0
1402	4	0
1402	5	0
1402	6	0
1402	7	1
1402	8	0
1402	9	0
1402	10	1
1402	11	0
1404	0	0
1404	1	0
1404	2	1
1404	3	0
1404	4	0
1404	5	0
1404	6	0
1404	7	1
1404	8	0
1404	9	0
1404	10	1
1404	11	0
1406	0	0
1406	1	0
1406	2	1
1406	3	0
1406	4	0
1406	5	0
1406	6	0
1406	7	1
1406	8	0
1406	9	0
1406	10	1
1406	11	0
1408	0	0
1408	1	0
1408	2	1
1408	3	0
1408	4	0
1408	5	0
1408	6	0
1408	7	1
1408	8	0
1408	9	0
1408	10	1
1408	11	0
1410	0	0
1410	1	0
1410	2	1
1410	3	0
1410	4	0
1410	5	0
1410	6	0
1410	7	1
1410	8	0
1410	9	0
1410	10	1
1410	11	0
1412	0	0
1412	1	0
1412	2	1
1412	3	0
1412	4	0
1412	5	0
1412	6	0
1412	7	1
1412	8	0
1412	9	0
1412	10	1
1412	11	0
1414	0	0
1414	1	0
1414	2	1
1414	3	0
1414	4	0
1414	5	0
1414	6	0
1414	7	1
1414	8	0
1414	9	0
1414	10	1
1414	11	0
1416	0	0
1416	1	0
1416	2	1
1416	3	0
1416	4	0
1416	5	0
1416	6	0
1416	7	1
1416	8	1
1416	9	0
1416	10	1
1416	11	0
1418	0	0
1418	1	0
1418	2	1
1418	3	0
1418	4	0
1418	5	0
1418	6	0
1418	7	1
1418	8	1
1418	9	0
1418	10	1
1418	11	0
1420	0	0
1420	1	0
1420	2	1
1420	3	0
1420	4	0
1420	5	0
1420	6	0
1420	7	1
1420	8	1
1420	9	0
1420	10	1
1420	11	0
1422	0	0
1422	1	0
1422	2	1
1422	3	0
1422	4	0
1422	5	0
1422	6	0
1422	7	1
1422	8	1
1422	9	0
1422	10	1
1422	11	0
1424	0	0
1424	1	0
1424	2	1
1424	3	0
1424	4	0
1424	5	0
1424	6	0
1424	7	0
1424	8	1
1424	9	0
1424	10	1
1424	11	0
1426	0	0
1426	1	0
1426	2	1
1426	3	0
1426	4	0
1426	5	0
1426	6	0
1426	7	1
1426	8	1
1426	9	1
1426	10	1
1426	11	0
1428	0	0
1428	1	0
1428	2	1
1428	3	0
1428	4	0
1428	5	0
1428	6	0
1428	7	0
1428	8	1
1428	9	0
1428	10	1
1428	11	0
1430	0	0
1430	1	0
1430	2	1
1430	3	0
1430	4	0
1430	5	0
1430	6	0
1430	7	1
1430	8	1
1430	9	0
1430	10	1
1430	11	0
1432	0	0
1432	1	0
1432	2	1
1432	3	0
1432	4	0
1432	5	0
1432	6	0
1432	7	0
1432	8	1
1432	9	0
1432	10	1
1432	11	0
1434	0	0
1434	1	0
1434	2	1
1434	3	0
1434	4	0
1434	5	0
1434	6	0
1434	7	0
1434	8	1
1434	9	1
1434	10	1
1434	11	0
1436	0	0
1436	1	0
1436	2	1
1436	3	0
1436	4	0
1436	5	0
1436	6	0
1436	7	0
1436	8	1
1436	9	0
1436	10	1
1436	11	0
1438	0	0
1438	1	0
1438	2	1
1438	3	0
1438	4	0
1438	5	0
1438	6	0
1438	7	0
1438	8	1
1438	9	1
1438	10	1
1438	11	0
1440	0	0
1440	1	0
1440	2	1
1440	3	0
1440	4	0
1440	5	0
1440	6	0
1440	7	0
1440	8	1
1440	9	1
1440	10	1
1440	11	0
1442	0	0
1442	1	1
1442	2	1
1442	3	0
1442	4	0
1442	5	0
1442	6	0
1442	7	0
1442	8	1
1442	9	1
1442	10	1
1442	11	0
1444	0	0
1444	1	1
1444	2	1
1444	3	0
1444	4	0
1444	5	0
1444	6	0
1444	7	0
1444	8	1
1444	9	1
1444	10	1
1444	11	0
1446	0	0
1446	1	1
1446	2	1
1446	3	0
1446	4	0
1446	5	0
1446	6	0
1446	7	0
1446	8	1
1446	9	1
1446	10	1
1446	11	0
1448	0	0
1448	1	1
1448	2	1
1448	3	0
1448	4	0
1448	5	0
1448	6	0
1448	7	0
1448	8	1
1448	9	1
1448	10	1
1448	11	0
1450	0	0
1450	1	1
1450	2	1
1450	3	0
1450	4	0
1450	5	0
1450	6	0
1450	7	0
1450	8	1
1450	9	1
1450	10	1
1450	11	0
1452	0	0
1452	1	1
1452	2	1
1452	3	0
1452	4	0
1452	5	0
1452	6	0
1452	7	0
1452	8	1
1452	9	1
1452	10	1
1452	11	0
1454	0	0
1454	1	1
1454	2	1
1454	3	0
1454	4	0
1454	5	0
1454	6	0
1454	7	0
1454	8	1
1454	9	1
1454	10	1
1454	11	0
1456	0	0
1456	1	1
1456	2	0
1456	3	0
1456	4	0
1456	5	0
1456	6	0
1456	7	0
1456	8	1
1456	9	1
1456	10	1
1456	11	0
1458	0	0
1458	1	1
1458	2	0
1458	3	0
1458	4	0
1458	5	0
1458	6	0
1458	7	0
1458	8	1
1458	9	1
1458	10	1
1458	11	0
1460	0	0
1460	1	1
1460	2	0
1460	3	0
1460	4	0
1460	5	0
1460	6	0
1460	7	0
1460	8	1
1460	9	1
1460	10	1
1460	11	0
1462	0	0
1462	1	1
1462	2	0
1462	3	0
1462	4	0
1462	5	0
1462	6	0
1462	7	0
1462	8	1
1462	9	1
1462	10	1
1462	11	0
1464	0	0
1464	1	1
1464	2	0
1464	3	0
1464	4	0
1464	5	0
1464	6	0
1464	7	0
1464	8	1
1464	9	1
1464	10	1
1464	11	0
1466	0	0
1466	1	1
1466	2	0
1466	3	0
1466	4	0
1466	5	0
1466	6	0
1466	7	0
1466	8	1
1466	9	1
1466	10	1
1466	11	0
1468	0	0
1468	1	1
1468	2	0
1468	3	0
1468	4	0
1468	5	0
1468	6	0
1468	7	0
1468	8	1
1468	9	1
1468	10	1
1468	11	0
1470	0	0
1470	1	1
1470	2	0
1470	3	0
1470	4	0
1470	5	0
1470	6	0
1470	7	0
1470	8	1
1470	9	1
1470	10	1
1470	11	0
1472	0	0
1472	1	1
1472	2	0
1472	3	0
1472	4	0
1472	5	0
1472	6	0
1472	7	0
1472	8	1
1472	9	1
1472	10	1
1472	11	0
1474	0	0
1474	1	1
1474	2	0
1474	3	0
1474	4	0
1474	5	0
1474	6	0
1474	7	0
1474	8	1
1474	9	1
1474	10	1
1474	11	0
1476	0	0
1476	1	1
1476	2	0
1476	3	0
1476	4	0
1476	5	0
1476	6	0
1476	7	0
1476	8	1
1476	9	1
1476	10	1
1476	11	0
1478	0	0
1478	1	1
1478	2	0
1478	3	0
1478	4	0
1478	5	0
1478	6	0
1478	7	0
1478	8	1
1478	9	1
1478	10	1
1478	11	0
1480	0	0
1480	1	1
1480	2	0
1480	3	0
1480	4	0
1480	5	0
1480	6	0
1480	7	0
1480	8	1
1480	9	1
1480	10	1
1480	11	0
1482	0	0
1482	1	1
1482	2	0
1482	3	0
1482	4	0
1482	5	0
1482	6	0
1482	7	0
1482	8	1
1482	9	1
1482	10	1
1482	11	0
1484	0	0
1484	1	1
1484	2	0
1484	3	0
1484	4	0
1484	5	0
1484	6	0
1484	7	0
1484	8	1
1484	9	1
1484	10	1
1484	11	0
1486	0	0
1486	1	1
1486	2	0
1486	3	0
1486	4	0
1486	5	0
1486	6	0
1486	7	0
1486	8	1
1486	9	1
1486	10	1
1486	11	0
1488	0	0
1488	1	1
1488	2	0
1488	3	0
1488	4	0
1488	5	0
1488	6	0
1488	7	0
1488	8	1
1488	9	1
1488	10	1
1488	11	0
1490	0	0
1490	1	1
1490	2	0
1490	3	0
1490	4	0
1490	5	0
1490	6	0
1490	7	1
1490	8	1
1490	9	1
1490	10	1
1490	11	0
1492	0	0
1492	1	1
1492	2	0
1492	3	0
1492	4	0
1492	5	0
1492	6	0
1492	7	1
1492	8	1
1492	9	1
1492	10	1
1492	11	0
1494	0	0
1494	1	1
1494	2	0
1494	3	0
1494	4	0
1494	5	0
1494	6	0
1494	7	1
1494	8	1
1494	9	0
1494	10	1
1494	11	0
1496	0	1
1496	1	1
1496	2	0
1496	3	0
1496	4	0
1496	5	0
1496	6	0
1496	7	1
1496	8	1
1496	9	0
1496	10	1
1496	11	0
1498	0	0
1498	1	1
1498	2	0
1498	3	0
1498	4	0
1498	5	0
1498	6	0
1498	7	1
1498	8	1
1498	9	0
1498	10	1
1498	11	0
1500	0	1
1500	1	0
1500	2	0
1500	3	0
1500	4	0
1500	5	0
1500	6	0
1500	7	1
1500	8	1
1500	9	0
1500	10	1
1500	11	0
1502	0	0
1502	1	1
1502	2	0
1502	3	0
1502	4	0
1502	5	0
1502	6	0
1502	7	1
1502	8	1
1502	9	0
1502	10	1
1502	11	0
1504	0	1
1504	1	1
1504	2	0
1504	3	0
1504	4	0
1504	5	0
1504	6	0
1504	7	1
1504	8	1
1504	9	0
1504	10	1
1504	11	0
1506	0	0
1506	1	1
1506	2	0
1506	3	0
1506	4	0
1506	5	0
1506	6	0
1506	7	1
1506	8	0
1506	9	0
1506	10	1
1506	11	0
1508	0	1
1508	1	1
1508	2	0
1508	3	0
1508	4	0
1508	5	0
1508	6	0
1508	7	1
1508	8	0
1508	9	0
1508	10	1
1508	11	0
1510	0	1
1510	1	1
1510	2	0
1510	3	0
1510	4	0
1510	5	0
1510	6	0
1510	7	1
1510	8	0
1510	9	0
1510	10	1
1510	11	0
1512	0	1
1512	1	0
1512	2	0
1512	3	0
1512	4	0
1512	5	0
1512	6	0
1512	7	1
1512	8	0
1512	9	0
1512	10	1
1512	11	0
1514	0	1
1514	1	0
1514	2	0
1514	3	0
1514	4	0
1514	5	0
1514	6	0
1514	7	1
1514	8	0
1514	9	0
1514	10	1
1514	11	0
1516	0	1
1516	1	0
1516	2	0
1516	3	0
1516	4	0
1516	5	0
1516	6	0
1516	7	1
1516	8	0
1516	9	0
1516	10	1
1516	11	0
1518	0	1
1518	1	0
1518	2	0
1518	3	0
1518	4	0
1518	5	0
1518	6	0
1518	7	1
1518	8	0
1518	9	1
1518	10	1
1518	11	0
1520	0	1
1520	1	0
1520	2	0
1520	3	0
1520	4	0
1520	5	0
1520	6	0
1520	7	1
1520	8	0
1520	9	0
1520	10	1
1520	11	0
1522	0	1
1522	1	0
1522	2	0
1522	3	0
1522	4	0
1522	5	0
1522	6	0
1522	7	1
1522	8	0
1522	9	1
1522	10	1
1522	11	0
1524	0	1
1524	1	0
1524	2	0
1524	3	0
1524	4	0
1524	5	0
1524	6	0
1524	7	1
1524	8	0
1524	9	1
1524	10	1
1524	11	0
1526	0	1
1526	1	0
1526	2	0
1526	3	0
1526	4	0
1526	5	0
1526	6	0
1526	7	1
1526	8	0
1526	9	1
1526	10	1
1526	11	0
1528	0	1
1528	1	0
1528	2	0
1528	3	0
1528	4	0
1528	5	0
1528	6	0
1528	7	1
1528	8	0
1528	9	1
1528	10	0
1528	11	0
1530	0	1
1530	1	0
1530	2	0
1530	3	0
1530	4	0
1530	5	0
1530	6	0
1530	7	1
1530	8	0
1530	9	1
1530	10	0
1530	11	0
1532	0	1
1532	1	0
1532	2	0
1532	3	0
1532	4	0
1532	5	0
1532	6	0
1532	7	1
1532	8	0
1532	9	1
1532	10	0
1532	11	0
1534	0	1
1534	1	0
1534	2	0
1534	3	0
1534	4	0
1534	5	0
1534	6	0
1534	7	1
1534	8	0
1534	9	1
1534	10	0
1534	11	0
1536	0	1
1536	1	0
1536	2	0
1536	3	0
1536	4	0
1536	5	0
1536	6	0
1536	7	1
1536	8	0
1536	9	1
1536	10	0
1536	11	0
1538	0	1
1538	1	0
1538	2	0
1538	3	0
1538	4	0
1538	5	0
1538	6	0
1538	7	1
1538	8	0
1538	9	1
1538	10	1
1538	11	0
1540	0	1
1540	1	0
1540	2	0
1540	3	0
1540	4	0
1540	5	0
1540	6	0
1540	7	1
1540	8	0
1540	9	1
1540	10	0
1540	11	1
1542	0	1
1542	1	0
1542	2	0
1542	3	0
1542	4	0
1542	5	0
1542	6	0
1542	7	1
1542	8	0
1542	9	1
1542	10	0
1542	11	0
1544	0	1
1544	1	0
1544	2	0
1544	3	0
1544	4	0
1544	5	0
1544	6	0
1544	7	1
1544	8	0
1544	9	1
1544	10	0
1544	11	1
1546	0	1
1546	1	0
1546	2	0
1546	3	0
1546	4	0
1546	5	0
1546	6	1
1546	7	1
1546	8	0
1546	9	1
1546	10	0
1546	11	0
1548	0	1
1548	1	0
1548	2	0
1548	3	0
1548	4	0
1548	5	0
1548	6	1
1548	7	1
1548	8	1
1548	9	1
1548	10	0
1548	11	0
1550	0	1
1550	1	0
1550	2	0
1550	3	0
1550	4	0
1550	5	0
1550	6	1
1550	7	1
1550	8	0
1550	9	1
1550	10	0
1550	11	1
1552	0	1
1552	1	0
1552	2	0
1552	3	0
1552	4	0
1552	5	0
1552	6	1
1552	7	0
1552	8	1
1552	9	1
1552	10	0
1552	11	0
1554	0	0
1554	1	0
1554	2	0
1554	3	0
1554	4	0
1554	5	0
1554	6	1
1554	7	1
1554	8	1
1554	9	1
1554	10	0
1554	11	0
1556	0	0
1556	1	0
1556	2	0
1556	3	0
1556	4	0
1556	5	0
1556	6	1
1556	7	0
1556	8	1
1556	9	0
1556	10	0
1556	11	0
1558	0	0
1558	1	0
1558	2	0
1558	3	0
1558	4	0
1558	5	0
1558	6	1
1558	7	1
1558	8	1
1558	9	1
1558	10	0
1558	11	0
1560	0	0
1560	1	0
1560	2	0
1560	3	0
1560	4	0
1560	5	1
1560	6	1
1560	7	0
1560	8	1
1560	9	0
1560	10	0
1560	11	0
1562	0	0
1562	1	0
1562	2	0
1562	3	0
1562	4	0
1562	5	0
1562	6	1
1562	7	1
1562	8	1
1562	9	0
1562	10	0
1562	11	1
1564	0	0
1564	1	0
1564	2	0
1564	3	0
1564	4	0
1564	5	1
1564	6	1
1564	7	0
1564	8	1
1564	9	0
1564	10	0
1564	11	0
1566	0	0
1566	1	0
1566	2	0
1566	3	0
1566	4	0
1566	5	0
1566	6	1
1566	7	1
1566	8	1
1566	9	0
1566	10	0
1566	11	1
1568	0	0
1568	1	0
1568	2	0
1568	3	0
1568	4	0
1568	5	1
1568	6	1
1568	7	0
1568	8	1
1568	9	0
1568	10	0
1568	11	1
1570	0	0
1570	1	0
1570	2	0
1570	3	0
1570	4	0
1570	5	0
1570	6	1
1570	7	1
1570	8	1
1570	9	0
1570	10	0
1570	11	1
1572	0	0
1572	1	0
1572	2	0
1572	3	0
1572	4	0
1572	5	1
1572	6	1
1572	7	1
1572	8	1
1572	9	0
1572	10	0
1572	11	1
1574	0	0
1574	1	0
1574	2	0
1574	3	0
1574	4	0
1574	5	0
1574	6	1
1574	7	1
1574	8	1
1574	9	0
1574	10	0
1574	11	1
1576	0	0
1576	1	0
1576	2	0
1576	3	0
1576	4	0
1576	5	1
1576	6	1
1576	7	1
1576	8	1
1576	9	0
1576	10	0
1576	11	1
1578	0	0
1578	1	0
1578	2	0
1578	3	0
1578	4	0
1578	5	1
1578	6	1
1578	7	1
1578	8	0
1578	9	0
1578	10	0
1578	11	1
1580	0	0
1580	1	0
1580	2	0
1580	3	0
1580	4	0
1580	5	1
1580	6	1
1580	7	1
1580	8	0
1580	9	0
1580	10	0
1580	11	1
1582	0	0
1582	1	0
1582	2	0
1582	3	0
1582	4	0
1582	5	1
1582	6	1
1582	7	1
1582	8	0
1582	9	0
1582	10	0
1582	11	0
1584	0	0
1584	1	0
1584	2	0
1584	3	0
1584	4	0
1584	5	1
1584	6	1
1584	7	1
1584	8	0
1584	9	0
1584	10	0
1584	11	1
1586	0	0
1586	1	0
1586	2	0
1586	3	0
1586	4	0
1586	5	1
1586	6	0
1586	7	1
1586	8	0
1586	9	0
1586	10	0
1586	11	0
1588	0	0
1588	1	0
1588	2	0
1588	3	0
1588	4	0
1588	5	1
1588	6	1
1588	7	1
1588	8	0
1588	9	0
1588	10	0
1588	11	1
1590	0	0
1590	1	0
1590	2	0
1590	3	0
1590	4	0
1590	5	1
1590	6	1
1590	7	1
1590	8	0
1590	9	0
1590	10	0
1590	11	1
1592	0	0
1592	1	0
1592	2	0
1592	3	0
1592	4	0
1592	5	1
1592	6	1
1592	7	1
1592	8	0
1592	9	0
1592	10	0
1592	11	1
1594	0	0
1594	1	0
1594	2	0
1594	3	0
1594	4	0
1594	5	1
1594	6	1
1594	7	0
1594	8	0
1594	9	0
1594	10	0
1594	11	1
1596	0	0
1596	1	0
1596	2	0
1596	3	0
1596	4	0
1596	5	1
1596	6	1
1596	7	1
1596	8	0
1596	9	0
1596	10	0
1596	11	1
1598	0	0
1598	1	0
1598	2	0
1598	3	0
1598	4	0
1598	5	0
1598	6	1
1598	7	0
1598	8	0
1598	9	0
1598	10	0
1598	11	1
1600	0	0
1600	1	0
1600	2	0
1600	3	0
1600	4	0
1600	5	1
1600	6	1
1600	7	1
1600	8	0
1600	9	0
1600	10	1
1600	11	1
1602	0	0
1602	1	0
1602	2	0
1602	3	0
1602	4	0
1602	5	0
1602	6	1
1602	7	0
1602	8	0
1602	9	0
1602	10	0
1602	11	1
1604	0	0
1604	1	0
1604	2	0
1604	3	0
1604	4	0
1604	5	1
1604	6	1
1604	7	0
1604	8	0
1604	9	0
1604	10	0
1604	11	1
1606	0	0
1606	1	0
1606	2	0
1606	3	0
1606	4	0
1606	5	0
1606	6	1
1606	7	1
1606	8	0
1606	9	0
1606	10	1
1606	11	1
1608	0	0
1608	1	0
1608	2	0
1608	3	0
1608	4	0
1608	5	1
1608	6	1
1608	7	0
1608	8	0
1608	9	0
1608	10	0
1608	11	1
1610	0	0
1610	1	0
1610	2	0
1610	3	0
1610	4	0
1610	5	1
1610	6	1
1610	7	0
1610	8	0
1610	9	0
1610	10	1
1610	11	1
1612	0	0
1612	1	0
1612	2	0
1612	3	0
1612	4	1
1612	5	1
1612	6	1
1612	7	0
1612	8	0
1612	9	0
1612	10	1
1612	11	0
1614	0	0
1614	1	0
1614	2	0
1614	3	0
1614	4	1
1614	5	1
1614	6	1
1614	7	0
1614	8	0
1614	9	0
1614	10	1
1614	11	0
1616	0	0
1616	1	0
1616	2	0
1616	3	0
1616	4	1
1616	5	1
1616	6	1
1616	7	0
1616	8	0
1616	9	0
1616	10	1
1616	11	0
1618	0	0
1618	1	0
1618	2	0
1618	3	0
1618	4	1
1618	5	1
1618	6	1
1618	7	0
1618	8	0
1618	9	0
1618	10	1
1618	11	0
1620	0	0
1620	1	0
1620	2	0
1620	3	0
1620	4	1
1620	5	0
1620	6	1
1620	7	0
1620	8	0
1620	9	0
1620	10	1
1620	11	0
1622	0	0
1622	1	0
1622	2	0
1622	3	0
1622	4	1
1622	5	1
1622	6	1
1622	7	0
1622	8	0
1622	9	0
1622	10	1
1622	11	0
1624	0	0
1624	1	0
1624	2	0
1624	3	0
1624	4	1
1624	5	1
1624	6	1
1624	7	0
1624	8	0
1624	9	0
1624	10	1
1624	11	0
1626	0	0
1626	1	0
1626	2	0
1626	3	0
1626	4	1
1626	5	1
1626	6	1
1626	7	0
1626	8	0
1626	9	0
1626	10	1
1626	11	0
1628	0	0
1628	1	0
1628	2	0
1628	3	0
1628	4	1
1628	5	1
1628	6	1
1628	7	0
1628	8	0
1628	9	0
1628	10	1
1628	11	0
1630	0	0
1630	1	0
1630	2	0
1630	3	0
1630	4	1
1630	5	1
1630	6	1
1630	7	0
1630	8	0
1630	9	0
1630	10	1
1630	11	0
1632	0	0
1632	1	0
1632	2	0
1632	3	0
1632	4	1
1632	5	1
1632	6	1
1632	7	0
1632	8	0
1632	9	0
1632	10	1
1632	11	0
1634	0	0
1634	1	0
1634	2	0
1634	3	0
1634	4	1
1634	5	1
1634	6	1
1634	7	0
1634	8	0
1634	9	0
1634	10	1
1634	11	0
1636	0	0
1636	1	0
1636	2	0
1636	3	0
1636	4	1
1636	5	1
1636	6	1
1636	7	0
1636	8	0
1636	9	0
1636	10	1
1636	11	0
1638	0	0
1638	1	0
1638	2	0
1638	3	0
1638	4	1
1638	5	1
1638	6	1
1638	7	0
1638	8	0
1638	9	1
1638	10	1
1638	11	0
1640	0	0
1640	1	0
1640	2	0
1640	3	0
1640	4	1
1640	5	1
1640	6	1
1640	7	0
1640	8	0
1640	9	0
1640	10	1
1640	11	0
1642	0	0
1642	1	0
1642	2	0
1642	3	0
1642	4	1
1642	5	1
1642	6	1
1642	7	0
1642	8	0
1642	9	1
1642	10	1
1642	11	0
1644	0	0
1644	1	0
1644	2	0
1644	3	0
1644	4	1
1644	5	1
1644	6	1
1644	7	0
1644	8	0
1644	9	0
1644	10	1
1644	11	0
1646	0	0
1646	1	0
1646	2	0
1646	3	0
1646	4	1
1646	5	1
1646	6	1
1646	7	0
1646	8	0
1646	9	1
1646	10	1
1646	11	0
1648	0	0
1648	1	0
1648	2	0
1648	3	0
1648	4	1
1648	5	1
1648	6	1
1648	7	0
1648	8	0
1648	9	1
1648	10	1
1648	11	0
1650	0	0
1650	1	0
1650	2	0
1650	3	0
1650	4	1
1650	5	1
1650	6	1
1650	7	0
1650	8	0
1650	9	1
1650	10	1
1650	11	0
1652	0	0
1652	1	0
1652	2	0
1652	3	0
1652	4	1
1652	5	1
1652	6	1
1652	7	0
1652	8	0
1652	9	1
1652	10	1
1652	11	0
1654	0	0
1654	1	0
1654	2	0
1654	3	0
1654	4	1
1654	5	1
1654	6	1
1654	7	0
1654	8	0
1654	9	1
1654	10	1
1654	11	0
1656	0	0
1656	1	0
1656	2	0
1656	3	0
1656	4	1
1656	5	1
1656	6	1
1656	7	0
1656	8	0
1656	9	1
1656	10	1
1656	11	0
1658	0	0
1658	1	0
1658	2	0
1658	3	0
1658	4	1
1658	5	1
1658	6	1
1658	7	0
1658	8	0
1658	9	1
1658	10	0
1658	11	0
1660	0	0
1660	1	0
1660	2	0
1660	3	0
1660	4	1
1660	5	1
1660	6	1
1660	7	0
1660	8	0
1660	9	1
1660	10	0
1660	11	0
1662	0	0
1662	1	0
1662	2	0
1662	3	0
1662	4	1
1662	5	1
1662	6	1
1662	7	0
1662	8	0
1662	9	1
1662	10	0
1662	11	0
1664	0	0
1664	1	0
1664	2	0
1664	3	0
1664	4	1
1664	5	1
1664	6	1
1664	7	0
1664	8	0
1664	9	1
1664	10	0
1664	11	0
1666	0	0
1666	1	0
1666	2	0
1666	3	0
1666	4	1
1666	5	1
1666	6	1
1666	7	0
1666	8	0
1666	9	1
1666	10	1
1666	11	0
1668	0	0
1668	1	0
1668	2	0
1668	3	0
1668	4	1
1668	5	1
1668	6	1
1668	7	0
1668	8	0
1668	9	1
1668	10	0
1668	11	0
1670	0	0
1670	1	0
1670	2	0
1670	3	0
1670	4	1
1670	5	1
1670	6	1
1670	7	0
1670	8	0
1670	9	1
1670	10	0
1670	11	0
1672	0	0
1672	1	0
1672	2	0
1672	3	0
1672	4	1
1672	5	1
1672	6	1
1672	7	0
1672	8	0
1672	9	1
1672	10	0
1672	11	0
1674	0	0
1674	1	0
1674	2	0
1674	3	0
1674	4	1
1674	5	1
1674	6	1
1674	7	0
1674	8	0
1674	9	1
1674	10	0
1674	11	0
1676	0	0
1676	1	0
1676	2	0
1676	3	0
1676	4	1
1676	5	1
1676	6	1
1676	7	0
1676	8	1
1676	9	1
1676	10	0
1676	11	0
